False	0	303.296875	0.0
False	0	305.84375	0.0
False	0	308.015625	0.0
False	14	305.703125	414.5
False	15	308.421875	406.5
False	15	310.78125	402.0
False	0	317.3125	0.0
False	0	319.640625	0.0
False	0	321.96875	0.0
False	15	319.90625	416.25
False	15	322.5625	391.0
False	14	324.78125	382.75
False	15	327.390625	387.5
False	15	329.453125	391.25
False	15	331.671875	395.25
False	15	334.3125	402.0
False	15	336.234375	413.25
False	15	338.625	437.5
False	0	345.4375	0.0
False	15	347.796875	0.0
False	15	343.96875	781.25
False	15	346.3125	770.5
False	15	348.546875	796.0
True	15	350.953125	747.25
False	15	353.21875	799.75
False	15	355.40625	852.5
False	15	357.828125	855.5
False	15	0.109375	855.75
False	15	2.375	858.5
False	15	4.8125	861.0
False	15	7.078125	857.5
False	15	9.4375	875.25
False	15	11.640625	884.25
False	15	13.984375	893.5
False	15	16.28125	908.0
False	15	18.625	919.75
False	15	20.859375	936.25
False	15	23.25	952.5
False	15	25.453125	976.25
False	15	27.78125	997.5
False	15	30.09375	1024.0
False	15	32.34375	1054.75
False	15	34.71875	1085.0
False	15	37.203125	1121.0
False	15	39.421875	1161.0
False	15	41.75	1208.5
False	15	44.078125	1258.75
False	15	46.453125	1213.25
False	15	48.84375	1189.75
False	15	51.109375	1260.5
False	15	53.40625	1333.25
False	15	55.71875	1416.5
False	15	57.953125	1512.0
False	15	59.828125	1924.25
False	15	62.140625	2078.5
False	15	64.390625	2271.5
False	15	66.6875	2492.0
False	15	71.265625	522.25
False	15	73.5625	519.0
False	15	75.8125	515.75
False	15	78.296875	513.25
False	15	80.71875	511.0
False	15	82.96875	511.0
False	15	85.53125	512.0
False	15	87.6875	513.25
False	15	90.15625	515.5
False	15	92.328125	519.75
False	15	94.546875	524.75
False	15	97.140625	528.75
False	15	99.4375	536.5
False	15	101.625	547.0
False	12	103.796875	566.5
False	13	106.21875	568.25
False	13	107.375	984.5
False	0	116.15625	0.0
False	7	112.4375	766.5
False	15	114.828125	749.75
False	14	117.0625	747.5
False	9	119.421875	722.75
False	11	121.734375	772.75
False	0	130.125	0.0
False	12	132.453125	0.0
False	15	127.109375	4581.75
False	15	129.453125	4035.25
False	15	131.734375	4191.75
False	0	141.71875	0.0
False	15	136.4375	3842.25
False	13	138.75	3758.5
False	10	141.09375	3729.5
False	15	143.46875	3087.75
False	15	145.828125	3005.25
False	15	148.15625	2940.75
False	0	157.984375	0.0
False	0	160.328125	0.0
False	15	155.34375	2782.25
False	15	157.671875	2744.75
False	15	160.078125	2325.5
False	0	169.796875	0.0
False	0	172.140625	0.0
False	15	167.03125	2632.5
False	15	169.375	2619.0
False	15	171.734375	2606.25
False	15	174.046875	2602.0
False	15	176.40625	2600.0
False	15	178.578125	2603.75
False	15	180.890625	2615.75
False	15	183.171875	2622.25
False	15	185.53125	2643.25
False	15	187.859375	2653.0
False	0	197.359375	0.0
False	15	192.453125	2720.0
False	15	194.765625	2759.0
False	15	197.078125	2786.0
False	15	201.453125	539.75
False	15	204.25	482.25
False	15	206.734375	490.75
False	15	208.9375	503.0
False	15	211.984375	391.5
False	15	215.015625	368.0
False	15	217.4375	349.25
False	15	220.140625	342.0
False	15	221.875	356.0
False	0	228.125	0.0
False	15	226.421875	389.0
False	0	232.796875	0.0
False	0	235.0625	0.0
False	0	237.390625	0.0
False	15	239.71875	0.0
False	0	242.0625	0.0
False	0	244.390625	0.0
False	0	246.71875	0.0
False	0	249.046875	0.0
False	12	251.140625	236.5
False	0	253.703125	0.0
False	0	256.046875	0.0
False	0	258.40625	0.0
False	0	260.734375	0.0
False	0	263.0625	0.0
False	0	265.40625	0.0
False	0	267.71875	0.0
False	0	270.0625	0.0
False	0	272.390625	0.0
False	0	274.734375	0.0
False	0	277.078125	0.0
False	0	279.40625	0.0
False	15	281.765625	0.0
False	15	284.171875	0.0
False	15	286.53125	0.0
False	0	288.828125	0.0
False	0	291.171875	0.0
False	0	293.515625	0.0
False	15	288.578125	1993.0
False	0	298.1875	0.0
False	15	293.421875	1664.0
False	15	295.765625	1598.5
False	0	305.21875	0.0
False	0	307.390625	0.0
False	9	305.4375	414.75
False	15	307.703125	409.0
False	15	309.96875	402.75
False	0	316.703125	0.0
False	0	319.03125	0.0
False	0	321.34375	0.0
False	15	319.046875	419.0
False	15	321.78125	398.25
False	0	328.328125	0.0
False	15	326.4375	387.0
False	15	329.09375	389.25
False	15	331.4375	393.5
False	15	333.6875	399.5
False	15	335.546875	410.0
False	15	338.078125	428.75
False	0	344.828125	0.0
False	15	347.171875	0.0
False	15	343.296875	807.5
False	15	345.6875	765.5
False	15	348.03125	789.0
True	15	350.03125	942.75
False	15	352.59375	785.25
False	15	354.859375	850.5
False	15	357.09375	854.5
False	15	359.546875	855.25
False	15	1.84375	857.5
False	15	4.21875	861.25
False	15	6.515625	864.0
False	15	8.890625	862.5
False	15	11.046875	882.75
False	15	13.421875	891.0
False	15	15.65625	901.75
False	15	18.0625	917.0
False	15	20.28125	932.5
False	15	22.671875	948.0
False	15	24.9375	968.25
False	15	27.25	991.5
False	15	29.484375	1018.5
False	15	31.796875	1045.25
False	15	34.0625	1077.25
False	15	36.59375	1109.75
False	15	38.8125	1150.5
False	15	41.140625	1194.25
False	15	43.453125	1243.75
False	15	45.84375	1220.25
False	15	48.234375	1181.75
False	15	50.546875	1239.5
False	15	52.84375	1312.5
False	15	55.125	1393.5
False	15	57.390625	1486.0
False	15	59.3125	1883.25
False	15	61.515625	2034.0
False	15	63.796875	2213.0
False	15	66.078125	2449.0
False	15	70.6875	523.25
False	15	72.953125	519.5
False	15	75.296875	516.25
False	15	77.546875	513.5
False	15	79.9375	512.5
False	15	82.265625	511.25
False	15	84.71875	511.5
False	15	87.078125	513.75
False	15	89.3125	515.75
False	15	91.671875	518.75
False	15	94.21875	522.25
False	15	96.46875	527.25
False	15	98.78125	534.25
False	15	101.15625	543.75
False	15	103.296875	553.75
False	8	105.5625	565.75
False	0	113.359375	0.0
False	0	115.5625	0.0
False	0	117.890625	0.0
False	13	114.125	756.25
False	15	116.5625	749.5
False	10	118.796875	768.5
False	15	121.125	791.0
False	0	129.53125	0.0
False	15	131.875	0.0
False	15	126.515625	4615.25
False	0	136.515625	0.0
False	15	131.1875	4155.75
False	0	141.140625	0.0
False	15	135.84375	3947.25
False	12	138.1875	3783.75
False	0	148.125	0.0
False	15	142.921875	3114.25
False	15	145.265625	3033.0
False	15	147.578125	2959.25
False	0	157.421875	0.0
False	0	159.75	0.0
False	0	162.21875	0.0
False	15	157.09375	2759.5
False	15	159.515625	2320.5
False	0	169.21875	0.0
False	0	171.5625	0.0
False	15	166.484375	2638.75
False	15	168.828125	2618.25
False	15	171.15625	2613.25
False	15	173.484375	2602.0
False	15	175.8125	2600.75
False	15	178.171875	2600.0
False	15	180.328125	2606.25
False	15	182.609375	2617.75
False	15	184.9375	2633.0
False	15	187.25	2652.5
False	15	189.59375	2680.75
False	15	191.90625	2715.75
False	15	194.203125	2738.5
False	15	196.515625	2778.75
False	0	206.078125	0.0
False	15	203.625	493.75
False	15	206.03125	488.0
False	15	208.3125	499.25
False	15	211.5	396.75
False	15	214.0625	374.0
False	15	216.6875	353.5
False	15	219.453125	340.5
False	15	221.140625	352.75
False	14	223.28125	372.5
False	15	225.65625	384.25
False	15	227.84375	405.5
False	8	234.25	229.25
False	0	236.8125	0.0
False	15	231.859375	1999.25
False	15	234.890625	1022.25
False	0	243.8125	0.0
False	15	246.140625	0.0
False	15	241.46875	1478.75
False	14	250.578125	237.25
False	0	253.125	0.0
False	0	255.46875	0.0
False	0	257.796875	0.0
False	0	260.15625	0.0
False	0	262.46875	0.0
False	0	264.8125	0.0
False	0	267.140625	0.0
False	0	269.5	0.0
False	0	271.8125	0.0
False	0	274.140625	0.0
False	0	276.484375	0.0
False	0	278.8125	0.0
False	15	281.171875	0.0
False	15	283.609375	0.0
False	15	285.953125	0.0
False	9	288.03125	173.0
False	0	290.59375	0.0
False	0	292.9375	0.0
False	12	287.984375	2081.25
False	0	297.625	0.0
False	15	292.796875	1761.75
False	15	295.203125	1587.0
False	7	299.953125	461.25
False	0	306.8125	0.0
False	0	309.125	0.0
False	15	307.1875	410.5
False	15	309.3125	404.0
False	9	311.859375	401.0
False	0	318.4375	0.0
False	0	320.765625	0.0
False	15	318.71875	422.25
False	15	321.25	408.0
False	0	327.734375	0.0
False	15	326.109375	386.5
False	15	328.203125	388.5
False	15	330.46875	392.0
False	15	333.1875	398.0
False	15	335.34375	406.75
False	15	337.21875	423.25
False	10	339.5	469.75
False	15	340.484375	774.5
False	15	342.734375	789.75
False	15	345.109375	760.25
False	15	347.421875	783.25
False	15	349.703125	812.0
True	15	352.171875	774.75
False	15	304.265625	1218.75
False	15	306.65625	1181.5
False	15	309.015625	1175.25
False	0	318.09375	0.0
False	9	317.125	341.0
False	15	319.125	330.75
False	15	322.078125	322.75
False	10	324.296875	324.5
False	15	326.078125	322.5
False	15	328.625	328.5
False	15	331.375	326.25
False	15	336.921875	0.0
False	10	339.25	0.0
False	15	337.890625	336.75
False	15	340.40625	326.75
False	15	343.015625	321.25
False	15	345.453125	312.75
False	15	347.46875	314.75
False	15	350.25	320.25
False	15	351.921875	325.0
True	15	354.28125	332.0
False	15	356.640625	341.75
False	15	358.484375	358.75
False	0	4.9375	0.0
False	0	7.28125	0.0
False	15	9.640625	0.0
False	15	5.671875	865.0
False	15	8.015625	859.75
False	15	10.296875	879.25
False	15	12.640625	888.5
False	15	14.828125	899.25
False	15	17.1875	911.0
False	15	19.46875	927.5
False	15	21.828125	944.25
False	15	24.109375	963.5
False	15	26.359375	984.0
False	15	28.71875	1010.75
False	15	31.078125	1034.0
False	15	33.3125	1064.75
False	15	35.859375	1099.5
False	15	38.15625	1136.25
False	15	40.453125	1179.75
False	15	42.703125	1227.5
False	15	45.125	1232.25
False	15	47.4375	1191.5
False	15	49.78125	1218.75
False	15	52.046875	1286.75
False	15	54.359375	1367.25
False	15	56.65625	1461.0
False	15	58.921875	1570.0
False	14	63.09375	505.0
False	15	65.328125	496.5
False	15	67.765625	491.25
False	15	70.015625	486.0
False	15	72.421875	483.25
False	15	74.71875	480.75
False	15	77.0	478.5
False	15	79.375	477.75
False	15	81.703125	477.75
False	15	84.0625	478.25
False	15	86.640625	481.0
False	15	88.84375	483.5
False	15	91.46875	485.75
False	15	93.78125	492.5
False	15	96.03125	499.75
False	15	98.265625	511.75
False	10	100.421875	520.25
False	0	108.03125	0.0
False	15	110.390625	0.0
False	15	106.265625	966.75
False	0	114.9375	0.0
False	0	117.28125	0.0
False	12	113.4375	759.75
False	15	115.875	748.0
False	6	118.125	759.25
False	0	126.609375	0.0
False	0	128.9375	0.0
False	0	131.265625	0.0
False	15	133.625	0.0
False	0	135.953125	0.0
False	15	130.625	4131.75
False	0	140.5625	0.0
False	15	135.28125	3943.0
False	15	137.609375	3800.0
False	0	147.5625	0.0
False	15	142.375	3165.25
False	15	144.71875	3043.25
False	15	147.046875	2974.75
False	0	156.890625	0.0
False	0	159.21875	0.0
False	0	161.546875	0.0
False	15	156.5625	2768.75
False	15	158.921875	2727.5
False	0	168.71875	0.0
False	0	171.0625	0.0
False	15	165.96875	2638.25
False	15	168.3125	2629.25
False	15	170.65625	2619.0
False	15	173.015625	2593.75
False	15	175.34375	2602.0
False	15	177.703125	2600.0
False	15	179.84375	2612.0
False	15	182.15625	2617.75
False	15	184.484375	2622.75
False	15	186.8125	2650.5
False	15	189.140625	2678.75
False	15	191.46875	2708.25
False	0	201.234375	0.0
False	15	196.078125	2776.0
False	15	198.40625	2826.0
False	15	203.1875	503.25
False	15	205.921875	486.25
False	15	208.140625	497.5
False	15	211.359375	400.5
False	15	213.625	377.25
False	15	216.296875	356.5
False	15	219.15625	339.25
False	15	220.859375	350.5
False	15	223.390625	367.5
False	15	225.515625	381.5
False	15	227.671875	400.0
False	0	234.125	0.0
False	0	236.453125	0.0
False	15	238.8125	0.0
False	15	234.5	1035.0
False	12	243.46875	0.0
False	15	245.8125	0.0
False	15	241.109375	1466.0
False	13	250.25	237.0
False	0	252.8125	0.0
False	0	255.15625	0.0
False	0	257.5	0.0
False	0	259.84375	0.0
False	0	262.171875	0.0
False	0	264.515625	0.0
False	0	266.859375	0.0
False	0	269.203125	0.0
False	0	271.53125	0.0
False	0	273.875	0.0
False	0	276.21875	0.0
False	0	278.5625	0.0
False	15	280.90625	0.0
False	15	283.34375	0.0
False	15	285.6875	0.0
False	14	287.78125	173.5
False	0	290.34375	0.0
False	14	289.828125	272.5
False	15	292.953125	276.25
False	9	290.15625	1905.5
False	10	292.609375	1758.5
False	0	302.078125	0.0
False	15	297.375	1519.75
False	0	306.625	0.0
False	0	308.9375	0.0
False	15	304.5	1222.75
False	15	306.8125	1150.75
False	15	309.125	1180.25
False	0	318.25	0.0
False	10	316.8125	349.75
False	15	319.09375	335.5
False	15	321.890625	326.5
False	7	324.09375	335.25
False	15	326.390625	326.75
False	15	329.234375	333.0
False	15	331.046875	330.5
False	15	333.671875	331.25
False	15	335.46875	353.25
False	15	338.390625	337.25
False	15	340.859375	324.0
False	15	343.1875	320.0
False	15	345.75	313.75
False	15	347.59375	316.75
False	15	350.125	321.5
False	15	352.53125	325.75
True	15	354.78125	333.75
False	15	356.515625	344.25
False	15	2.8125	0.0
False	15	5.140625	0.0
False	0	7.453125	0.0
False	15	9.8125	0.0
False	15	5.859375	865.5
False	15	8.125	860.25
False	15	10.40625	880.0
False	15	12.765625	889.25
False	15	15.09375	899.5
False	15	17.4375	911.0
False	15	19.625	928.5
False	15	21.96875	945.0
False	15	24.265625	962.75
False	15	26.640625	986.5
False	15	28.90625	1011.75
False	15	31.203125	1037.5
False	15	33.546875	1066.75
False	15	35.96875	1102.0
False	15	38.328125	1138.5
False	15	40.546875	1182.75
False	15	42.9375	1230.25
False	15	45.265625	1230.75
False	15	47.65625	1188.75
False	15	49.9375	1225.25
False	15	52.21875	1292.75
False	15	54.515625	1371.25
False	15	56.8125	1465.75
False	15	59.078125	1581.0
False	14	63.140625	505.0
False	15	65.6875	496.25
False	15	68.03125	491.25
False	15	70.375	486.0
False	15	72.625	483.0
False	15	75.15625	480.5
False	15	77.421875	478.0
False	15	79.578125	477.5
False	15	81.875	478.0
False	15	84.3125	479.0
False	15	86.703125	481.25
False	15	89.28125	483.5
False	15	91.53125	486.0
False	15	93.640625	493.0
False	15	96.046875	500.5
False	15	98.28125	516.0
False	12	100.53125	520.0
False	0	108.203125	0.0
False	15	110.5625	0.0
False	15	106.359375	969.25
False	0	115.09375	0.0
False	0	117.421875	0.0
False	12	113.625	759.25
False	15	116.140625	748.0
False	0	124.421875	0.0
False	0	126.765625	0.0
False	0	129.09375	0.0
False	14	131.4375	0.0
False	15	126.09375	4639.0
False	0	136.09375	0.0
False	15	130.765625	4122.25
False	0	140.71875	0.0
False	15	135.4375	3928.5
False	15	137.765625	3789.25
False	0	147.703125	0.0
False	15	142.5	3147.0
False	15	144.859375	3036.5
False	15	147.1875	2965.75
False	0	157.03125	0.0
False	0	159.359375	0.0
False	0	161.6875	0.0
False	15	156.71875	2765.25
False	15	159.046875	2723.5
False	0	168.859375	0.0
False	0	171.203125	0.0
False	15	166.109375	2636.25
False	15	168.453125	2624.75
False	15	170.796875	2623.5
False	15	173.140625	2603.25
False	15	175.484375	2602.0
False	15	177.8125	2602.0
False	15	179.96875	2607.0
False	15	182.3125	2614.5
False	15	184.625	2635.0
False	15	186.9375	2652.5
False	15	189.28125	2669.5
False	15	191.59375	2707.0
False	0	201.375	0.0
False	15	196.203125	2776.75
False	0	205.78125	0.0
False	15	203.296875	498.5
False	15	206.0	486.5
False	15	208.234375	498.5
False	15	211.21875	399.5
False	15	213.71875	375.5
False	15	216.265625	355.5
False	15	218.875	339.5
False	15	221.3125	351.25
False	15	223.359375	369.5
False	15	225.703125	382.5
False	15	227.828125	402.0
False	0	234.25	0.0
False	0	236.578125	0.0
False	15	238.9375	0.0
False	15	234.625	1017.25
False	0	243.578125	0.0
False	15	245.9375	0.0
False	15	241.25	1478.0
False	13	250.625	237.0
False	0	252.9375	0.0
False	0	255.265625	0.0
False	0	257.609375	0.0
False	0	259.96875	0.0
False	0	262.296875	0.0
False	0	264.640625	0.0
False	0	266.984375	0.0
False	0	269.328125	0.0
False	0	271.65625	0.0
False	0	273.984375	0.0
False	0	276.328125	0.0
False	0	278.671875	0.0
False	15	281.03125	0.0
False	15	283.453125	0.0
False	15	285.796875	0.0
False	13	287.890625	173.25
False	0	290.453125	0.0
False	0	292.8125	0.0
False	8	287.84375	2085.0
False	0	297.5	0.0
False	15	292.65625	1759.25
False	15	295.078125	1584.75
False	15	297.5	1512.5
False	0	306.703125	0.0
False	0	309.03125	0.0
False	15	304.546875	1224.0
False	15	306.953125	1151.5
False	15	309.234375	1183.25
False	0	318.359375	0.0
False	10	317.296875	347.5
False	15	319.484375	337.75
False	15	322.046875	329.5
False	0	327.6875	0.0
False	15	326.765625	330.75
False	15	329.109375	338.0
False	15	331.453125	334.5
False	15	333.875	336.25
False	15	336.125	347.25
False	15	338.515625	336.75
False	15	340.875	320.5
False	15	343.03125	316.5
False	15	345.5625	313.5
False	15	348.375	316.75
False	15	349.90625	321.25
False	15	352.40625	327.5
True	15	354.984375	335.5
False	15	10.078125	347.0
False	15	11.96875	365.5
False	0	18.421875	0.0
False	15	14.359375	904.75
False	15	16.640625	906.75
False	15	18.96875	922.5
False	15	21.328125	938.75
False	15	23.625	956.75
False	15	25.890625	978.5
False	15	28.28125	1002.25
False	15	30.484375	1030.25
False	15	32.84375	1058.75
False	15	35.109375	1092.5
False	15	37.671875	1129.0
False	15	39.96875	1168.25
False	15	42.25	1214.75
False	15	44.578125	1248.0
False	15	47.0	1202.25
False	15	49.328125	1207.25
False	15	51.578125	1273.25
False	15	53.953125	1349.0
False	15	56.1875	1439.25
False	15	58.515625	1543.0
False	15	60.390625	1946.25
False	15	62.640625	2123.25
False	15	64.921875	2326.5
False	15	67.1875	2548.25
False	15	69.484375	2839.5
False	15	71.78125	3067.5
False	15	74.046875	3467.75
False	13	76.296875	4390.75
False	15	80.125	770.0
False	15	82.453125	769.25
False	15	85.109375	769.75
False	15	87.296875	773.0
False	15	89.78125	778.0
False	15	92.109375	782.5
False	15	94.34375	789.5
False	15	96.671875	797.75
False	15	98.96875	809.5
False	15	101.421875	825.25
False	15	103.4375	928.75
False	15	105.828125	964.0
False	8	108.421875	797.0
False	0	116.84375	0.0
False	10	113.015625	761.5
False	15	115.515625	749.25
False	10	117.75	753.25
False	0	126.171875	0.0
False	0	128.515625	0.0
False	0	130.84375	0.0
False	15	133.203125	0.0
False	0	135.53125	0.0
False	15	130.21875	4090.75
False	15	132.53125	4136.5
False	15	134.859375	3978.25
False	15	137.21875	3823.0
False	12	139.53125	3809.5
False	12	141.859375	4032.25
False	15	144.296875	3061.5
False	15	146.65625	2975.5
False	0	156.5	0.0
False	0	158.828125	0.0
False	11	153.6875	2757.5
False	15	156.171875	2774.5
False	15	158.5	2734.5
False	0	168.328125	0.0
False	0	170.671875	0.0
False	15	165.578125	2639.5
False	15	167.9375	2631.75
False	15	170.25	2621.0
False	15	172.640625	2593.75
False	15	174.96875	2598.25
False	15	177.3125	2599.5
False	15	179.484375	2593.75
False	15	181.8125	2620.25
False	15	184.15625	2625.25
False	15	186.4375	2640.25
False	15	188.796875	2674.75
False	15	191.125	2696.75
False	15	193.421875	2739.25
False	15	195.75	2765.25
False	15	198.078125	2803.25
False	15	202.78125	514.5
False	15	205.5	484.75
False	15	207.796875	496.0
False	0	214.890625	0.0
False	15	213.25	380.75
False	15	215.984375	359.0
False	15	218.5	341.75
False	15	220.671875	348.5
False	15	223.109375	363.5
False	15	225.1875	379.25
False	15	227.140625	397.0
False	0	233.875	0.0
False	0	236.140625	0.0
False	9	238.5	0.0
False	15	234.21875	1042.75
False	15	243.171875	0.0
False	15	245.515625	0.0
False	12	240.890625	1388.25
False	8	249.953125	238.75
False	0	252.515625	0.0
False	0	254.859375	0.0
False	0	257.203125	0.0
False	0	259.5625	0.0
False	0	261.890625	0.0
False	0	264.234375	0.0
False	0	266.59375	0.0
False	0	268.9375	0.0
False	0	271.265625	0.0
False	0	273.609375	0.0
False	0	275.953125	0.0
False	0	278.28125	0.0
False	14	280.65625	0.0
False	15	283.078125	0.0
False	15	285.421875	0.0
False	15	287.515625	173.5
False	0	290.078125	0.0
False	0	292.4375	0.0
False	0	294.78125	0.0
False	0	297.125	0.0
False	15	292.296875	1739.5
False	15	294.78125	1576.5
False	15	297.109375	1529.25
False	0	306.390625	0.0
False	0	308.71875	0.0
False	15	304.25	1215.0
False	15	306.609375	1188.5
False	15	308.984375	1170.25
False	15	311.375	1101.5
False	14	313.734375	1031.75
False	0	322.71875	0.0
False	15	318.515625	995.25
False	10	323.4375	386.0
False	15	326.0	328.25
False	15	329.25	316.75
False	15	331.296875	312.75
False	15	333.875	309.75
False	15	336.40625	307.0
False	15	338.203125	304.0
False	14	340.8125	298.0
False	15	343.5	307.5
False	15	345.375	313.0
False	15	347.703125	314.0
False	15	353.3125	0.0
False	15	355.625	0.0
True	15	354.21875	348.75
False	15	356.84375	341.0
False	15	358.953125	335.25
False	15	1.28125	328.25
False	15	4.125	323.25
False	15	5.984375	328.0
False	15	8.234375	336.25
False	15	10.625	348.75
False	15	12.78125	367.5
False	0	18.953125	0.0
False	15	14.953125	903.25
False	15	17.25	910.25
False	15	19.5	927.75
False	15	21.875	944.5
False	15	24.171875	962.5
False	15	26.515625	985.5
False	15	28.75	1011.25
False	15	31.125	1034.5
False	15	33.390625	1065.25
False	15	35.9375	1100.5
False	15	38.21875	1137.25
False	15	40.484375	1181.0
False	15	42.84375	1228.75
False	15	45.15625	1234.0
False	15	47.59375	1192.75
False	15	49.921875	1220.0
False	15	52.203125	1288.0
False	15	54.453125	1369.0
False	15	56.734375	1463.25
False	15	59.046875	1574.5
False	15	60.9375	1987.5
False	15	63.234375	2150.75
False	15	65.484375	2385.0
False	15	67.78125	2580.75
False	15	70.046875	2915.25
False	15	72.34375	3158.0
False	11	74.578125	4026.25
False	12	76.84375	5104.5
False	15	80.765625	768.25
False	15	83.09375	769.0
False	15	85.6875	771.5
False	15	88.0	773.0
False	15	90.328125	778.0
False	15	92.71875	783.75
False	15	95.0	791.0
False	15	97.328125	799.0
False	15	99.65625	812.0
False	10	101.859375	835.25
False	15	104.046875	951.75
False	15	106.390625	967.25
False	0	115.078125	0.0
False	0	117.40625	0.0
False	13	113.734375	759.5
False	15	116.0	750.0
False	0	124.4375	0.0
False	0	126.765625	0.0
False	0	129.09375	0.0
False	14	131.453125	0.0
False	15	126.125	4631.0
False	0	136.109375	0.0
False	15	130.796875	4133.5
False	0	140.75	0.0
False	15	135.46875	3927.0
False	15	137.8125	3790.5
False	0	147.765625	0.0
False	15	142.5625	3148.75
False	15	144.9375	3031.25
False	15	147.265625	2960.75
False	0	157.09375	0.0
False	0	159.421875	0.0
False	0	161.765625	0.0
False	15	156.75	2766.75
False	15	159.140625	2702.25
False	0	168.921875	0.0
False	0	171.28125	0.0
False	15	166.171875	2638.25
False	15	168.53125	2624.75
False	15	170.875	2616.5
False	15	173.21875	2593.25
False	15	175.5625	2600.75
False	15	177.9375	2601.25
False	15	180.078125	2620.25
False	15	182.421875	2617.0
False	15	184.75	2631.75
False	15	187.0625	2649.25
False	15	189.375	2683.5
False	15	191.703125	2707.0
False	15	194.03125	2728.25
False	15	196.34375	2775.25
False	0	205.921875	0.0
False	15	203.609375	494.0
False	15	206.140625	487.5
False	15	208.328125	498.75
False	15	211.625	397.75
False	15	214.015625	374.5
False	15	216.671875	354.5
False	15	219.109375	340.25
False	15	221.375	352.0
False	15	223.34375	371.75
False	15	225.5625	383.5
False	15	228.0	404.5
False	8	234.203125	231.75
False	0	236.765625	0.0
False	15	232.046875	1561.75
False	15	234.921875	1024.0
False	0	243.78125	0.0
False	15	246.140625	0.0
False	15	241.421875	1479.25
False	14	248.921875	237.25
False	0	253.15625	0.0
False	0	255.5	0.0
False	0	257.828125	0.0
False	0	260.1875	0.0
False	0	262.53125	0.0
False	0	264.859375	0.0
False	0	267.203125	0.0
False	0	269.5625	0.0
False	0	271.890625	0.0
False	0	274.234375	0.0
False	0	276.578125	0.0
False	0	278.921875	0.0
False	15	281.28125	0.0
False	15	283.734375	0.0
False	15	286.078125	0.0
False	0	288.40625	0.0
False	0	290.734375	0.0
False	0	293.09375	0.0
False	14	288.15625	2080.5
False	0	297.796875	0.0
False	15	293.015625	1722.5
False	15	295.390625	1587.5
False	7	297.828125	1460.25
False	0	307.0	0.0
False	8	302.484375	1286.0
False	15	304.859375	1226.5
False	15	307.296875	1155.0
False	15	309.640625	1128.5
False	15	312.046875	1106.5
False	0	321.0	0.0
False	0	323.328125	0.0
False	15	319.109375	1007.75
False	0	328.015625	0.0
False	15	326.90625	324.25
False	15	329.234375	317.0
False	15	332.1875	312.25
False	15	334.640625	309.5
False	15	336.765625	305.25
False	15	339.671875	303.5
False	0	344.5625	0.0
False	15	343.875	308.0
False	15	346.4375	313.5
False	15	348.375	314.25
False	15	353.96875	0.0
False	15	356.265625	0.0
True	15	355.078125	345.75
False	15	357.328125	340.25
False	15	359.8125	333.5
False	15	1.953125	325.75
False	15	4.328125	323.25
False	15	6.625	328.25
False	15	8.9375	337.0
False	15	11.078125	351.5
False	15	13.53125	374.0
False	0	19.609375	0.0
False	15	15.578125	903.0
False	15	17.9375	916.5
False	15	20.234375	930.25
False	15	22.53125	947.5
False	15	24.859375	969.0
False	15	27.109375	990.5
False	15	29.375	1017.75
False	15	31.734375	1045.0
False	15	34.0625	1074.0
False	15	36.484375	1110.0
False	15	38.828125	1149.75
False	15	41.140625	1193.75
False	15	43.453125	1240.0
False	15	45.859375	1224.0
False	15	48.234375	1182.5
False	15	50.53125	1238.5
False	15	52.84375	1313.0
False	15	55.140625	1393.0
False	15	57.375	1485.75
False	15	59.34375	1884.25
False	15	61.578125	2034.25
False	15	63.84375	2225.5
False	15	66.109375	2452.25
False	15	68.375	2710.5
False	15	70.6875	2909.75
False	15	72.96875	3252.0
False	10	75.21875	4106.5
False	15	79.109375	767.25
False	15	81.390625	768.25
False	15	83.84375	770.25
False	15	86.28125	771.0
False	15	88.671875	774.0
False	15	90.984375	779.75
False	15	93.21875	786.25
False	15	95.5625	793.75
False	15	97.875	803.0
False	15	100.265625	817.0
False	10	102.5625	841.25
False	15	104.71875	955.5
False	15	106.984375	977.25
False	0	115.734375	0.0
False	0	118.0625	0.0
False	14	114.25	756.0
False	15	116.671875	750.0
False	11	119.0	753.5
False	14	127.4375	0.0
False	11	129.78125	0.0
False	15	132.109375	0.0
False	15	126.75	4613.25
False	0	136.765625	0.0
False	15	131.421875	4168.75
False	0	141.390625	0.0
False	0	143.734375	0.0
False	11	138.453125	3794.5
False	0	148.40625	0.0
False	15	143.1875	3111.75
False	15	145.546875	3021.25
False	15	147.90625	2946.25
False	0	157.71875	0.0
False	0	160.0625	0.0
False	15	155.09375	2765.25
False	15	157.421875	2759.5
False	15	159.859375	2298.5
False	0	169.578125	0.0
False	0	171.9375	0.0
False	15	166.859375	2631.0
False	15	169.1875	2621.5
False	15	171.53125	2616.5
False	15	173.875	2602.0
False	15	176.234375	2610.75
False	15	178.5625	2602.0
False	15	180.71875	2610.75
False	15	183.046875	2619.0
False	15	185.375	2636.25
False	15	187.6875	2653.75
False	15	190.015625	2702.25
False	15	192.34375	2716.5
False	15	194.65625	2752.5
False	15	196.984375	2788.75
False	15	201.609375	532.75
False	15	204.015625	488.25
False	15	206.609375	491.5
False	15	208.90625	502.25
False	15	211.96875	392.0
False	15	214.71875	368.75
False	15	217.328125	349.5
False	15	219.765625	342.0
False	15	221.921875	355.75
False	0	228.078125	0.0
False	15	226.078125	388.75
False	0	232.765625	0.0
False	0	235.0625	0.0
False	0	237.390625	0.0
False	15	239.734375	0.0
False	0	242.078125	0.0
False	0	244.40625	0.0
False	0	246.75	0.0
False	0	249.09375	0.0
False	13	249.390625	235.5
False	0	253.78125	0.0
False	0	256.125	0.0
False	0	258.46875	0.0
False	0	260.796875	0.0
False	0	263.140625	0.0
False	0	265.484375	0.0
False	0	267.828125	0.0
False	0	270.171875	0.0
False	0	272.5	0.0
False	0	274.84375	0.0
False	0	277.1875	0.0
False	0	279.546875	0.0
False	15	281.90625	0.0
False	15	284.328125	0.0
False	15	286.6875	0.0
False	0	289.0	0.0
False	0	291.34375	0.0
False	0	293.6875	0.0
False	15	288.765625	1984.25
False	15	291.203125	1838.5
False	15	293.640625	1665.5
False	15	296.015625	1558.25
False	0	305.4375	0.0
False	0	307.609375	0.0
False	15	303.046875	1290.75
False	15	305.421875	1231.75
False	15	307.828125	1160.75
False	15	310.34375	1088.0
False	15	312.5625	1112.25
False	0	321.625	0.0
False	14	317.390625	977.75
False	15	319.828125	949.5
False	11	325.0625	347.75
False	15	327.75	321.0
False	15	330.3125	315.0
False	15	332.453125	311.0
False	15	334.859375	308.25
False	15	337.328125	305.0
False	15	339.890625	302.25
False	15	342.25	308.0
False	15	344.5625	308.5
False	15	346.71875	313.5
False	15	348.796875	314.25
False	15	354.515625	0.0
True	15	356.859375	0.0
False	0	170.453125	0.0
False	0	172.796875	0.0
False	15	167.703125	2633.75
False	15	170.0625	2624.0
False	15	172.421875	2607.5
False	15	174.765625	2596.25
False	15	177.109375	2598.75
False	15	179.28125	2602.5
False	15	181.578125	2612.75
False	15	183.90625	2626.75
False	15	186.21875	2640.25
False	15	188.546875	2674.25
False	0	198.109375	0.0
False	15	193.234375	2732.25
False	15	195.515625	2767.5
False	15	197.828125	2800.5
False	15	202.390625	519.75
False	15	205.265625	484.0
False	15	207.546875	495.0
False	0	214.671875	0.0
False	15	213.3125	382.5
False	15	215.421875	361.0
False	15	218.125	343.25
False	15	220.484375	347.0
False	15	222.75	361.5
False	15	225.046875	376.5
False	15	227.125	395.25
False	0	233.65625	0.0
False	0	235.9375	0.0
False	0	238.265625	0.0
False	15	240.609375	0.0
False	15	242.953125	0.0
False	15	245.3125	0.0
False	11	240.6875	1379.75
False	10	249.25	238.75
False	0	252.3125	0.0
False	0	254.65625	0.0
False	0	257.0	0.0
False	0	259.359375	0.0
False	0	261.6875	0.0
False	0	264.03125	0.0
False	0	266.375	0.0
False	0	268.71875	0.0
False	0	271.0625	0.0
False	0	273.40625	0.0
False	0	275.734375	0.0
False	0	278.078125	0.0
False	12	280.4375	0.0
False	15	282.875	0.0
False	15	285.234375	0.0
False	15	287.3125	173.0
False	0	289.890625	0.0
False	15	290.1875	252.0
False	15	292.78125	258.25
False	15	289.71875	1914.25
False	0	299.296875	0.0
False	0	301.640625	0.0
False	15	296.96875	1526.0
False	0	306.1875	0.0
False	0	308.5	0.0
False	15	304.03125	1211.75
False	15	306.34375	1207.75
False	15	308.78125	1170.5
False	15	311.140625	1098.75
False	15	313.5625	1030.0
False	0	322.5	0.0
False	15	318.28125	990.5
False	15	320.71875	981.25
False	15	323.0	941.5
False	15	325.734375	867.5
False	15	328.046875	856.75
False	15	330.3125	882.0
False	15	332.390625	1033.5
False	15	335.09375	833.25
False	15	339.234375	412.25
False	9	342.078125	390.5
False	15	344.640625	361.75
False	15	346.921875	358.0
False	15	349.109375	358.0
False	15	351.5625	358.25
True	15	354.203125	358.5
False	15	355.96875	357.5
False	15	358.34375	357.25
False	15	0.875	360.5
False	15	7.125	0.0
False	15	9.46875	0.0
False	15	7.359375	430.75
False	15	9.6875	431.75
False	15	11.71875	434.5
False	15	13.96875	440.5
False	15	16.5	446.75
False	15	18.375	477.25
False	0	25.765625	0.0
False	15	28.125	0.0
False	15	23.9375	960.75
False	15	26.265625	982.0
False	15	28.546875	1009.0
False	15	30.890625	1033.0
False	15	33.15625	1061.0
False	15	35.640625	1098.0
False	15	37.984375	1134.75
False	15	40.328125	1176.25
False	15	42.609375	1225.75
False	15	44.96875	1236.5
False	15	47.328125	1195.25
False	15	49.625	1213.75
False	15	51.96875	1281.5
False	15	54.296875	1360.75
False	15	56.5	1453.25
False	15	58.828125	1564.75
False	15	60.734375	1977.75
False	15	63.0	2135.75
False	15	65.296875	2364.75
False	15	68.609375	910.0
False	15	70.90625	898.0
False	15	73.234375	884.5
False	15	75.6875	875.25
False	15	78.0625	867.25
False	15	80.421875	862.0
False	15	82.75	857.5
False	15	85.28125	856.75
False	15	87.578125	859.75
False	0	96.234375	0.0
False	15	98.59375	0.0
False	15	93.203125	5575.25
False	15	95.84375	2536.25
False	15	98.203125	2454.5
False	0	107.703125	0.0
False	15	103.84375	951.5
False	15	106.125	966.0
False	0	114.875	0.0
False	6	111.03125	800.25
False	12	113.53125	759.75
False	15	115.796875	748.25
False	0	124.203125	0.0
False	0	126.546875	0.0
False	0	128.875	0.0
False	0	131.21875	0.0
False	15	125.875	4655.25
False	0	135.890625	0.0
False	15	130.578125	4117.5
False	0	140.53125	0.0
False	15	135.234375	3937.25
False	15	137.578125	3802.75
False	0	147.53125	0.0
False	15	142.3125	3197.25
False	15	144.671875	3050.25
False	15	147.015625	2972.25
False	0	156.859375	0.0
False	0	159.203125	0.0
False	0	161.515625	0.0
False	15	156.5625	2764.5
False	15	158.90625	2724.75
False	0	168.703125	0.0
False	0	171.046875	0.0
False	15	165.984375	2638.75
False	15	168.3125	2627.25
False	15	170.640625	2614.0
False	15	173.0	2603.25
False	15	175.375	2602.5
False	15	177.703125	2601.25
False	15	179.84375	2613.25
False	15	182.171875	2617.75
False	15	184.515625	2631.0
False	15	186.828125	2649.25
False	15	189.140625	2665.0
False	15	191.5	2706.25
False	0	201.25	0.0
False	15	196.109375	2780.25
False	15	198.453125	2823.75
False	15	203.265625	502.0
False	15	205.9375	485.5
False	15	208.0	497.75
False	15	211.03125	400.25
False	15	213.96875	376.25
False	15	216.4375	356.25
False	15	218.84375	338.75
False	15	221.015625	350.75
False	15	223.078125	368.75
False	15	225.6875	381.25
False	15	227.5	401.0
False	0	234.1875	0.0
False	0	236.515625	0.0
False	15	238.859375	0.0
False	15	234.609375	1020.25
False	7	243.546875	0.0
False	15	245.890625	0.0
False	15	241.1875	1476.25
False	13	248.6875	237.25
False	0	252.890625	0.0
False	0	255.25	0.0
False	0	257.578125	0.0
False	0	259.9375	0.0
False	0	262.28125	0.0
False	0	264.625	0.0
False	0	266.953125	0.0
False	0	269.3125	0.0
False	0	271.640625	0.0
False	0	273.96875	0.0
False	0	276.3125	0.0
False	0	278.671875	0.0
False	15	281.03125	0.0
False	15	283.453125	0.0
False	15	285.8125	0.0
False	11	287.90625	173.5
False	0	290.46875	0.0
False	0	292.8125	0.0
False	8	287.859375	2085.75
False	0	297.515625	0.0
False	15	292.703125	1759.75
False	15	295.140625	1586.0
False	15	297.546875	1510.75
False	0	306.734375	0.0
False	0	309.078125	0.0
False	15	304.59375	1223.0
False	15	306.953125	1150.75
False	15	309.3125	1170.5
False	15	311.734375	1101.5
False	0	320.734375	0.0
False	0	323.0625	0.0
False	15	318.84375	1002.5
False	0	327.734375	0.0
False	15	323.703125	954.0
False	15	326.234375	876.5
False	15	328.578125	854.5
False	15	330.828125	891.5
False	15	333.375	815.25
False	15	335.640625	838.75
False	15	339.78125	403.0
False	15	342.359375	382.75
False	15	345.0625	360.0
False	15	347.75	357.5
False	15	349.6875	358.0
False	15	352.421875	358.0
True	15	354.4375	358.0
False	15	356.890625	358.0
False	15	359.140625	358.5
False	15	1.40625	364.0
False	14	7.6875	0.0
False	15	10.015625	0.0
False	15	7.609375	431.5
False	15	9.953125	433.5
False	15	12.484375	436.25
False	15	14.734375	441.25
False	15	17.046875	449.0
False	15	19.15625	486.0
False	0	26.328125	0.0
False	15	28.6875	0.0
False	15	24.453125	966.0
False	15	26.84375	988.0
False	15	29.171875	1013.0
False	15	31.421875	1040.5
False	15	33.75	1069.0
False	15	36.171875	1106.25
False	15	38.546875	1144.0
False	15	40.859375	1186.5
False	15	43.109375	1234.25
False	15	45.546875	1228.75
False	15	47.859375	1185.75
False	15	50.25	1230.0
False	15	52.546875	1299.25
False	15	54.765625	1382.0
False	15	57.046875	1473.25
False	15	59.0	1865.25
False	15	61.25	2016.25
False	15	63.53125	2176.25
False	15	66.828125	926.25
False	15	69.140625	908.5
False	15	71.4375	894.5
False	15	73.859375	881.25
False	15	76.15625	874.25
False	15	78.546875	865.75
False	15	80.9375	861.0
False	15	83.296875	857.0
False	15	85.78125	856.5
False	15	88.0625	859.5
False	0	96.734375	0.0
False	15	99.109375	0.0
False	15	93.71875	5603.75
False	15	96.359375	2496.75
False	15	98.75	2445.0
False	15	101.953125	983.75
False	15	104.328125	955.0
False	15	106.75	971.25
False	0	115.40625	0.0
False	0	117.75	0.0
False	12	114.0625	758.0
False	15	116.359375	749.75
False	8	118.59375	771.5
False	15	120.953125	788.5
False	0	129.421875	0.0
False	15	131.765625	0.0
False	15	126.421875	4613.25
False	0	136.4375	0.0
False	15	131.109375	4106.5
False	0	141.078125	0.0
False	15	135.796875	3943.0
False	13	138.109375	3766.5
False	0	148.0625	0.0
False	15	142.875	3129.75
False	15	145.234375	3028.0
False	15	147.578125	2957.5
False	0	157.40625	0.0
False	0	159.734375	0.0
False	0	162.21875	0.0
False	15	157.09375	2761.0
False	15	159.53125	2314.5
False	0	169.234375	0.0
False	0	171.578125	0.0
False	15	166.46875	2632.5
False	15	168.828125	2620.25
False	15	171.1875	2610.75
False	15	173.546875	2602.5
False	15	175.875	2599.5
False	15	178.21875	2600.75
False	15	180.375	2608.25
False	15	182.734375	2619.5
False	15	185.046875	2637.5
False	15	187.375	2655.0
False	15	189.6875	2680.75
False	15	192.0	2717.25
False	15	194.34375	2749.0
False	15	196.640625	2779.5
False	15	201.1875	541.25
False	15	203.640625	496.5
False	15	206.15625	489.5
False	15	208.734375	499.75
False	15	211.671875	394.75
False	15	214.5625	372.5
False	15	216.71875	351.75
False	15	219.578125	340.75
False	15	221.8125	353.25
False	0	227.75	0.0
False	15	225.984375	386.25
False	0	232.4375	0.0
False	0	234.703125	0.0
False	0	237.03125	0.0
False	0	239.09375	0.0
False	8	241.734375	0.0
False	0	244.078125	0.0
False	9	239.21875	1857.75
False	0	248.75	0.0
False	13	250.84375	237.25
False	0	253.421875	0.0
False	0	255.765625	0.0
False	0	258.125	0.0
False	0	260.453125	0.0
False	0	262.796875	0.0
False	0	265.140625	0.0
False	0	267.484375	0.0
False	0	269.8125	0.0
False	0	272.15625	0.0
False	0	274.5	0.0
False	0	276.828125	0.0
False	0	279.1875	0.0
False	15	281.546875	0.0
False	15	283.984375	0.0
False	15	286.328125	0.0
False	0	288.65625	0.0
False	0	291.0	0.0
False	0	293.34375	0.0
False	12	288.4375	2023.25
False	0	298.03125	0.0
False	15	293.265625	1680.0
False	15	295.625	1591.25
False	0	305.09375	0.0
False	0	307.265625	0.0
False	14	302.734375	1284.5
False	15	305.09375	1228.75
False	15	307.5625	1155.0
False	15	309.9375	1085.0
False	15	312.21875	1108.25
False	0	321.265625	0.0
False	10	317.109375	965.25
False	15	319.46875	971.75
False	0	328.25	0.0
False	15	324.203125	966.75
False	15	326.78125	886.25
False	15	329.109375	862.75
False	15	331.390625	900.5
False	15	333.90625	821.0
False	15	336.25	845.0
False	15	340.453125	394.5
False	15	343.03125	373.0
False	15	345.484375	357.5
False	15	348.234375	356.0
False	15	350.109375	356.75
True	15	352.875	357.0
False	15	354.84375	432.5
False	15	357.578125	409.75
False	15	359.984375	395.75
False	15	2.515625	399.5
False	15	4.78125	403.75
False	15	7.125	411.25
False	15	9.296875	422.75
False	15	11.375	445.75
False	0	18.328125	0.0
False	15	20.65625	0.0
False	15	16.53125	907.0
False	15	18.84375	923.25
False	15	21.171875	937.5
False	15	23.546875	956.5
False	15	25.875	978.0
False	15	28.203125	1001.5
False	15	30.484375	1027.5
False	15	32.734375	1058.0
False	15	35.09375	1089.5
False	15	37.5625	1126.25
False	15	39.875	1165.75
False	15	42.171875	1214.5
False	15	44.53125	1249.25
False	15	46.890625	1203.0
False	15	49.234375	1206.25
False	15	51.59375	1269.5
False	15	53.890625	1348.0
False	15	56.15625	1438.25
False	15	58.46875	1541.0
False	15	60.359375	1943.75
False	15	62.625	2104.25
False	15	64.875	2320.5
False	15	67.1875	2539.75
False	15	69.453125	2812.0
False	15	71.734375	3061.5
False	15	74.03125	3453.25
False	13	76.28125	4369.25
False	15	78.71875	3445.5
False	15	82.0625	1030.0
False	15	84.625	1021.75
False	15	86.96875	1018.0
False	15	89.34375	1014.25
False	15	91.578125	1014.75
False	15	93.96875	1014.75
False	15	96.3125	1022.75
False	15	98.625	1030.25
False	0	107.609375	0.0
False	15	103.546875	950.0
False	15	105.828125	962.5
False	7	108.40625	797.5
False	0	116.84375	0.0
False	11	113.09375	760.75
False	15	115.40625	747.75
False	9	117.78125	752.5
False	0	126.203125	0.0
False	0	128.546875	0.0
False	0	130.890625	0.0
False	15	133.234375	0.0
False	0	135.5625	0.0
False	15	130.28125	4086.0
False	15	132.546875	4164.0
False	15	134.90625	3965.0
False	15	137.265625	3810.75
False	12	139.578125	3850.75
False	12	141.984375	3291.5
False	15	144.359375	3064.0
False	15	146.703125	2978.75
False	0	156.546875	0.0
False	0	158.875	0.0
False	11	153.75	2759.5
False	15	156.203125	2771.75
False	15	158.609375	2729.5
False	0	168.40625	0.0
False	0	170.75	0.0
False	15	165.6875	2631.0
False	15	168.015625	2627.25
False	15	170.359375	2621.5
False	15	172.71875	2606.25
False	15	175.0625	2600.0
False	15	177.421875	2597.5
False	15	179.546875	2605.75
False	15	181.921875	2619.5
False	15	184.203125	2630.5
False	15	186.53125	2644.75
False	15	188.875	2664.25
False	15	191.21875	2706.25
False	15	193.53125	2738.5
False	15	195.84375	2770.25
False	15	198.171875	2805.5
False	15	202.796875	512.25
False	15	205.515625	485.0
False	15	207.796875	496.25
False	0	215.03125	0.0
False	15	213.265625	380.0
False	15	216.171875	358.25
False	15	218.921875	340.25
False	15	220.640625	349.0
False	15	223.1875	365.25
False	15	225.109375	380.0
False	15	227.171875	398.5
False	0	234.015625	0.0
False	0	236.28125	0.0
False	0	238.609375	0.0
False	15	240.984375	0.0
False	15	243.328125	0.0
False	15	245.65625	0.0
False	11	240.984375	1432.25
False	12	250.109375	236.5
False	0	252.671875	0.0
False	0	255.03125	0.0
False	0	257.359375	0.0
False	0	259.703125	0.0
False	0	262.0625	0.0
False	0	264.40625	0.0
False	0	266.75	0.0
False	0	269.09375	0.0
False	0	271.4375	0.0
False	0	273.78125	0.0
False	0	276.125	0.0
False	0	278.453125	0.0
False	14	280.828125	0.0
False	15	283.296875	0.0
False	15	285.625	0.0
False	14	287.734375	173.75
False	0	290.3125	0.0
False	15	290.28125	261.5
False	0	295.0	0.0
False	13	290.109375	1909.25
False	0	299.71875	0.0
False	15	294.953125	1585.0
False	15	297.375	1521.0
False	0	306.609375	0.0
False	0	308.90625	0.0
False	15	304.46875	1222.5
False	15	306.859375	1150.75
False	15	309.140625	1174.75
False	15	311.625	1104.0
False	0	320.59375	0.0
False	0	322.9375	0.0
False	15	318.71875	1000.25
False	12	321.21875	934.25
False	15	323.59375	952.5
False	15	326.140625	876.5
False	15	330.203125	416.25
False	15	333.25	379.25
False	15	335.34375	369.75
False	15	337.671875	365.25
False	15	340.265625	361.75
False	15	342.546875	366.75
False	15	345.109375	360.5
False	15	347.109375	362.0
False	15	349.734375	364.75
False	15	355.875	0.0
True	15	358.21875	0.0
False	15	356.25	421.75
False	15	358.515625	402.25
False	15	0.984375	394.5
False	15	3.171875	400.25
False	15	5.5	404.5
False	15	7.640625	413.5
False	15	9.921875	426.5
False	15	12.171875	460.5
False	0	19.25	0.0
False	15	21.59375	0.0
False	15	17.515625	913.75
False	15	19.78125	929.0
False	15	22.171875	945.75
False	15	24.53125	965.5
False	15	26.703125	987.5
False	15	29.09375	1012.5
False	15	31.34375	1039.75
False	15	33.71875	1068.25
False	15	36.15625	1105.75
False	15	38.453125	1143.5
False	15	40.75	1185.75
False	15	43.140625	1233.5
False	15	45.453125	1229.0
False	15	47.84375	1186.25
False	15	50.21875	1229.75
False	15	52.5	1299.0
False	15	54.765625	1381.0
False	15	57.046875	1476.25
False	15	59.140625	1601.5
False	15	61.234375	2016.25
False	15	63.546875	2177.0
False	15	65.796875	2421.25
False	15	68.125	2568.5
False	15	70.359375	2978.75
False	15	72.65625	3209.5
False	10	74.90625	4036.75
False	14	77.1875	5088.0
False	15	79.640625	3413.0
False	15	82.953125	1025.0
False	15	85.484375	1021.5
False	15	87.828125	1017.5
False	15	90.203125	1014.0
False	15	92.546875	1014.25
False	15	94.890625	1018.75
False	15	97.28125	1025.25
False	15	99.625	1039.25
False	15	102.0625	980.25
False	15	104.46875	955.25
False	15	106.78125	971.75
False	0	115.453125	0.0
False	0	117.78125	0.0
False	13	114.0	756.75
False	15	116.40625	749.5
False	8	118.703125	771.75
False	15	121.015625	787.0
False	0	129.484375	0.0
False	15	131.84375	0.0
False	15	126.484375	4587.75
False	0	136.5	0.0
False	15	131.171875	4172.0
False	0	141.125	0.0
False	15	135.84375	3956.25
False	13	138.203125	3769.0
False	0	148.140625	0.0
False	15	142.953125	3121.5
False	15	145.296875	3021.25
False	15	147.640625	2960.0
False	0	157.484375	0.0
False	0	159.828125	0.0
False	15	154.84375	2750.5
False	15	157.1875	2759.5
False	15	159.640625	2313.0
False	0	169.34375	0.0
False	0	171.703125	0.0
False	15	166.59375	2633.75
False	15	168.96875	2615.75
False	15	171.3125	2607.5
False	15	173.640625	2599.5
False	15	176.0	2613.25
False	15	178.34375	2600.75
False	15	180.5	2608.25
False	15	182.828125	2613.25
False	15	185.140625	2637.0
False	15	187.46875	2650.5
False	15	189.828125	2684.75
False	15	192.140625	2718.5
False	15	194.46875	2751.75
False	15	196.765625	2786.0
False	15	201.3125	532.5
False	15	204.03125	495.25
False	15	206.59375	489.75
False	15	208.796875	500.25
False	15	211.84375	394.0
False	15	214.421875	370.75
False	15	217.421875	350.5
False	15	219.828125	341.25
False	15	221.828125	354.25
False	0	227.921875	0.0
False	15	226.3125	387.25
False	0	232.609375	0.0
False	0	234.875	0.0
False	0	237.203125	0.0
False	0	239.265625	0.0
False	0	241.890625	0.0
False	0	244.234375	0.0
False	0	246.578125	0.0
False	0	248.921875	0.0
False	12	249.765625	236.5
False	0	253.609375	0.0
False	0	255.953125	0.0
False	0	258.328125	0.0
False	0	260.65625	0.0
False	0	263.0	0.0
False	0	265.34375	0.0
False	0	267.6875	0.0
False	0	270.015625	0.0
False	0	272.375	0.0
False	0	274.71875	0.0
False	0	277.0625	0.0
False	0	279.40625	0.0
False	15	281.78125	0.0
False	15	284.21875	0.0
False	15	286.5625	0.0
False	0	288.890625	0.0
False	0	291.25	0.0
False	0	293.59375	0.0
False	15	288.671875	1989.0
False	11	291.078125	1836.5
False	15	293.53125	1664.5
False	15	295.90625	1583.75
False	0	305.34375	0.0
False	0	307.515625	0.0
False	15	302.953125	1289.0
False	15	305.34375	1231.25
False	15	307.765625	1160.75
False	15	310.203125	1087.25
False	15	312.5	1112.75
False	0	321.5	0.0
False	13	317.296875	975.25
False	15	319.734375	943.0
False	15	322.125	913.25
False	15	324.453125	972.25
False	15	327.0	895.0
False	15	331.3125	397.0
False	15	334.15625	371.5
False	15	336.328125	366.0
False	15	339.046875	363.5
False	15	341.234375	352.75
False	15	343.828125	359.0
False	15	346.15625	358.25
False	15	348.234375	361.0
False	15	350.734375	364.0
True	14	356.796875	0.0
False	15	359.140625	0.0
False	15	356.984375	412.0
False	15	359.71875	396.25
False	15	1.921875	393.0
False	15	4.0	400.25
False	15	6.296875	405.25
False	15	8.796875	414.75
False	15	11.03125	430.0
False	0	17.859375	0.0
False	15	20.171875	0.0
False	15	16.109375	905.5
False	15	18.484375	919.25
False	15	20.6875	935.25
False	15	23.03125	951.5
False	15	25.390625	975.0
False	15	27.609375	997.25
False	15	29.96875	1021.75
False	15	32.21875	1049.5
False	15	34.609375	1083.25
False	15	37.125	1119.25
False	15	39.34375	1160.5
False	15	41.6875	1207.0
False	15	44.03125	1258.75
False	15	46.390625	1211.25
False	15	48.796875	1188.25
False	15	51.0625	1259.25
False	15	53.375	1332.0
False	15	55.640625	1416.5
False	15	57.984375	1511.75
False	15	59.84375	1924.5
False	15	62.15625	2079.25
False	15	64.390625	2277.25
False	15	66.6875	2491.5
False	15	68.9375	2830.5
False	15	71.265625	2991.0
False	15	73.546875	3349.5
False	10	75.78125	4332.25
False	14	78.203125	3422.75
False	15	81.5625	1032.25
False	15	84.078125	1023.25
False	15	86.46875	1016.25
False	15	88.78125	1015.0
False	15	91.125	1014.25
False	15	93.453125	1015.25
False	15	95.828125	1022.0
False	15	98.1875	1028.0
False	0	106.8125	0.0
False	15	103.03125	948.5
False	15	105.28125	960.5
False	0	114.015625	0.0
False	0	116.328125	0.0
False	7	112.515625	766.0
False	14	115.03125	752.0
False	13	117.296875	750.0
False	0	125.6875	0.0
False	10	122.0	762.0
False	0	130.375	0.0
False	14	132.734375	0.0
False	14	127.375	4589.5
False	15	129.75	4095.5
False	15	132.0625	4155.75
False	0	142.015625	0.0
False	0	144.359375	0.0
False	12	139.0625	3802.75
False	15	141.4375	3836.75
False	15	143.828125	3079.75
False	15	146.1875	2995.25
False	0	156.03125	0.0
False	0	158.375	0.0
False	0	160.703125	0.0
False	15	155.6875	2781.0
False	15	158.0625	2743.5
False	0	167.875	0.0
False	0	170.234375	0.0
False	0	172.5625	0.0
False	15	167.5	2634.25
False	15	169.8125	2624.75
False	15	172.203125	2606.25
False	15	174.53125	2602.0
False	15	176.859375	2597.0
False	15	179.046875	2592.0
False	15	181.375	2617.75
False	15	183.71875	2622.75
False	15	186.03125	2642.0
False	15	188.359375	2660.25
False	0	197.890625	0.0
False	15	193.0	2728.25
False	15	195.3125	2763.25
False	15	197.671875	2801.0
False	15	202.234375	524.0
False	15	205.046875	483.25
False	15	207.3125	494.25
False	15	209.46875	507.5
False	15	212.875	384.0
False	15	215.546875	362.75
False	15	218.171875	344.25
False	15	220.390625	346.0
False	15	222.34375	360.25
False	15	224.640625	374.5
False	15	226.84375	394.25
False	0	233.484375	0.0
False	0	235.75	0.0
False	0	238.078125	0.0
False	15	240.4375	0.0
False	12	242.78125	0.0
False	13	245.140625	0.0
False	0	247.46875	0.0
False	11	249.578125	238.75
False	8	251.90625	234.25
False	0	254.484375	0.0
False	0	256.828125	0.0
False	0	259.1875	0.0
False	0	261.53125	0.0
False	0	263.859375	0.0
False	0	266.21875	0.0
False	0	268.5625	0.0
False	0	270.90625	0.0
False	0	273.25	0.0
False	0	275.59375	0.0
False	0	277.921875	0.0
False	11	280.296875	0.0
False	15	282.75	0.0
False	15	285.09375	0.0
False	15	287.1875	172.5
False	0	289.765625	0.0
False	0	292.109375	0.0
False	0	294.46875	0.0
False	14	289.59375	1922.0
False	15	292.0	1775.0
False	15	294.40625	1631.0
False	15	296.828125	1523.75
False	0	306.0625	0.0
False	0	308.375	0.0
False	15	303.859375	1234.25
False	15	306.25	1243.5
False	15	308.59375	1169.25
False	15	311.109375	1097.25
False	15	313.5	1029.0
False	0	322.390625	0.0
False	15	318.234375	990.25
False	15	320.484375	987.75
False	15	322.96875	940.5
False	15	325.59375	866.5
False	15	329.8125	423.75
False	15	332.640625	382.25
False	15	335.03125	366.0
False	15	337.59375	362.5
False	15	339.53125	360.75
False	14	342.109375	367.0
False	15	344.375	356.75
False	15	346.96875	356.75
False	15	349.1875	361.25
False	15	355.3125	0.0
True	14	357.65625	0.0
False	15	290.53125	265.75
False	15	292.09375	274.25
False	11	290.15625	1909.5
False	0	299.734375	0.0
False	0	302.09375	0.0
False	15	297.390625	1522.25
False	0	306.625	0.0
False	0	308.9375	0.0
False	15	304.484375	1223.5
False	15	306.875	1149.75
False	15	309.15625	1178.0
False	15	311.5625	1104.0
False	0	320.625	0.0
False	0	322.96875	0.0
False	15	318.796875	1001.25
False	11	321.125	937.0
False	15	323.59375	954.5
False	15	328.0625	409.25
False	15	330.6875	374.5
False	15	333.484375	364.0
False	15	335.625	361.25
False	15	337.8125	360.5
False	15	340.125	356.25
False	15	342.453125	363.75
False	15	345.140625	362.0
False	15	346.984375	374.25
False	15	349.578125	378.5
False	13	351.53125	389.25
True	15	353.75	419.0
False	15	356.1875	411.25
False	15	358.609375	404.75
False	15	0.78125	398.25
False	15	3.390625	403.5
False	15	5.34375	415.5
False	15	7.796875	431.0
False	15	9.765625	460.25
False	0	17.0	0.0
False	15	19.3125	0.0
False	15	15.234375	900.0
False	15	17.515625	913.75
False	15	19.84375	929.25
False	15	22.15625	945.75
False	15	24.515625	965.75
False	15	26.8125	987.75
False	15	29.15625	1012.75
False	15	31.390625	1040.25
False	15	33.71875	1068.75
False	15	36.234375	1106.0
False	15	38.484375	1144.25
False	15	40.859375	1186.25
False	15	43.15625	1237.25
False	15	45.515625	1229.0
False	15	47.9375	1186.0
False	15	50.265625	1230.75
False	15	52.484375	1300.25
False	15	54.859375	1386.0
False	15	57.109375	1477.75
False	15	59.046875	1866.5
False	15	61.3125	2018.0
False	15	63.59375	2181.75
False	15	65.859375	2420.0
False	15	68.171875	2591.25
False	15	70.40625	2960.0
False	15	72.6875	3217.25
False	10	74.953125	4079.75
False	15	77.21875	4846.0
False	15	79.6875	3413.0
False	15	82.015625	3384.25
False	15	85.828125	859.25
False	15	88.28125	817.5
False	15	90.625	784.25
False	15	93.109375	752.25
False	15	95.65625	725.5
False	15	97.953125	704.75
False	15	100.359375	688.25
False	0	108.609375	0.0
False	15	104.515625	951.75
False	15	106.84375	973.75
False	0	115.5	0.0
False	0	117.84375	0.0
False	14	114.078125	756.75
False	15	116.40625	749.75
False	10	118.8125	768.75
False	15	121.015625	788.25
False	0	129.546875	0.0
False	15	131.890625	0.0
False	15	126.546875	4597.5
False	0	136.5625	0.0
False	15	131.21875	4162.25
False	0	141.203125	0.0
False	14	135.90625	3962.0
False	12	138.28125	3785.0
False	0	148.203125	0.0
False	15	143.03125	3114.25
False	15	145.359375	3025.5
False	15	147.71875	2953.5
False	0	157.546875	0.0
False	0	159.875	0.0
False	15	154.921875	2752.5
False	15	157.25	2756.0
False	15	159.703125	2315.0
False	0	169.390625	0.0
False	0	171.75	0.0
False	15	166.671875	2637.5
False	15	169.0	2620.25
False	15	171.375	2603.75
False	15	173.734375	2598.75
False	15	176.0625	2610.75
False	15	178.390625	2600.75
False	15	180.5625	2610.75
False	15	182.921875	2618.25
False	15	185.21875	2638.25
False	15	187.578125	2653.0
False	15	189.875	2692.25
False	15	192.171875	2718.0
False	15	194.546875	2751.75
False	15	196.84375	2785.25
False	15	201.46875	530.5
False	15	203.796875	494.75
False	15	206.40625	490.5
False	15	208.875	501.25
False	15	212.125	393.25
False	15	214.6875	369.75
False	15	217.375	350.25
False	15	219.90625	341.5
False	15	222.0	354.75
False	0	227.984375	0.0
False	15	225.921875	388.0
False	0	232.6875	0.0
False	0	234.953125	0.0
False	0	237.296875	0.0
False	0	239.34375	0.0
False	0	241.96875	0.0
False	0	244.3125	0.0
False	0	246.671875	0.0
False	0	249.015625	0.0
False	13	250.015625	236.75
False	0	253.6875	0.0
False	0	256.015625	0.0
False	0	258.390625	0.0
False	0	260.734375	0.0
False	0	263.078125	0.0
False	0	265.421875	0.0
False	0	267.765625	0.0
False	0	270.109375	0.0
False	0	272.453125	0.0
False	0	274.796875	0.0
False	0	277.140625	0.0
False	0	279.484375	0.0
False	15	281.859375	0.0
False	15	284.296875	0.0
False	15	286.90625	171.0
False	0	288.96875	0.0
False	0	291.328125	0.0
False	15	291.78125	270.75
False	15	288.765625	1985.25
False	0	298.375	0.0
False	0	300.734375	0.0
False	15	296.046875	1561.0
False	0	305.421875	0.0
False	0	307.59375	0.0
False	15	303.109375	1286.25
False	15	305.4375	1231.25
False	15	307.828125	1157.75
False	15	310.265625	1088.25
False	15	312.546875	1114.0
False	0	321.609375	0.0
False	15	317.390625	976.5
False	15	319.875	948.25
False	15	322.15625	917.0
False	15	326.421875	435.75
False	15	329.390625	388.25
False	15	331.609375	366.5
False	15	333.984375	363.0
False	15	336.71875	360.75
False	15	338.765625	359.75
False	15	341.484375	350.25
False	15	343.84375	359.5
False	15	345.703125	367.25
False	15	348.109375	379.5
False	15	354.5625	0.0
True	15	356.90625	0.0
False	15	354.875	414.0
False	15	357.421875	407.75
False	15	359.640625	400.75
False	15	2.1875	399.25
False	15	4.15625	408.75
False	15	6.375	422.75
False	15	8.703125	442.5
False	9	10.546875	482.0
False	15	11.5625	885.0
False	15	13.921875	893.25
False	15	16.28125	906.25
False	15	18.578125	919.5
False	15	20.84375	935.75
False	15	23.09375	952.0
False	15	25.453125	976.25
False	15	27.828125	997.25
False	15	30.046875	1022.0
False	15	32.359375	1052.75
False	15	34.65625	1085.25
False	15	37.171875	1121.0
False	15	39.453125	1161.5
False	15	41.765625	1209.25
False	15	44.140625	1260.0
False	15	46.5625	1210.0
False	15	48.890625	1193.75
False	15	51.21875	1261.5
False	15	53.515625	1335.5
False	15	55.796875	1422.0
False	15	58.078125	1519.0
False	15	59.96875	1927.5
False	15	62.25	2085.25
False	15	64.53125	2280.5
False	15	66.796875	2497.25
False	15	69.078125	2796.75
False	15	71.375	3013.5
False	15	73.65625	3372.5
False	10	75.890625	4285.5
False	14	78.296875	3428.25
False	15	80.640625	3400.25
False	10	84.34375	903.75
False	15	86.828125	841.0
False	15	89.328125	802.75
False	15	91.671875	770.5
False	15	94.21875	741.25
False	15	96.640625	716.5
False	15	98.921875	697.5
False	15	101.3125	681.25
False	15	109.578125	0.0
False	15	111.9375	0.0
False	0	114.15625	0.0
False	0	116.46875	0.0
False	8	112.78125	762.75
False	15	115.0625	752.75
False	13	117.453125	750.75
False	0	125.8125	0.0
False	9	122.015625	760.0
False	0	130.5	0.0
False	15	132.859375	0.0
False	11	127.484375	4613.25
False	15	129.875	4087.75
False	15	132.15625	4122.25
False	0	142.140625	0.0
False	0	144.46875	0.0
False	12	139.203125	3830.0
False	15	141.53125	3887.0
False	15	143.96875	3082.25
False	15	146.3125	2993.5
False	0	156.140625	0.0
False	0	158.46875	0.0
False	0	160.8125	0.0
False	15	155.875	2778.0
False	15	158.234375	2738.5
False	0	168.015625	0.0
False	0	170.375	0.0
False	0	172.734375	0.0
False	15	167.625	2631.75
False	15	169.96875	2622.25
False	15	172.359375	2607.5
False	15	174.671875	2599.5
False	15	177.046875	2598.75
False	15	179.1875	2593.25
False	15	181.484375	2614.0
False	15	183.828125	2630.5
False	15	186.171875	2643.25
False	15	188.484375	2669.5
False	0	198.015625	0.0
False	15	193.140625	2732.25
False	15	195.453125	2766.0
False	15	197.78125	2804.0
False	15	202.515625	521.25
False	15	205.09375	483.75
False	15	207.421875	495.0
False	0	214.625	0.0
False	15	213.09375	383.0
False	15	215.40625	361.75
False	15	218.078125	343.75
False	15	220.5	346.75
False	15	222.875	360.75
False	15	224.765625	376.0
False	15	227.09375	395.0
False	0	233.625	0.0
False	0	235.875	0.0
False	0	238.203125	0.0
False	15	240.5625	0.0
False	15	242.90625	0.0
False	15	245.25	0.0
False	10	240.640625	1376.75
False	12	247.921875	238.0
False	0	252.25	0.0
False	0	254.609375	0.0
False	0	256.953125	0.0
False	0	259.3125	0.0
False	0	261.65625	0.0
False	0	264.0	0.0
False	0	266.328125	0.0
False	0	268.671875	0.0
False	0	271.03125	0.0
False	0	273.375	0.0
False	0	275.71875	0.0
False	0	278.0625	0.0
False	12	280.421875	0.0
False	15	282.859375	0.0
False	15	285.21875	0.0
False	15	287.328125	172.75
False	0	289.875	0.0
False	0	292.234375	0.0
False	0	294.59375	0.0
False	15	289.6875	1916.75
False	15	292.109375	1755.5
False	15	294.53125	1619.5
False	15	296.953125	1524.75
False	0	306.1875	0.0
False	0	308.484375	0.0
False	15	304.046875	1211.25
False	15	306.375	1207.25
False	15	308.71875	1169.0
False	15	311.109375	1098.5
False	15	313.578125	1029.5
False	0	322.5	0.0
False	15	318.25	990.5
False	15	320.6875	980.5
False	15	323.0	942.5
False	15	327.40625	412.25
False	15	330.359375	374.25
False	15	332.8125	362.75
False	15	335.375	359.75
False	15	337.40625	358.75
False	15	339.890625	357.25
False	15	342.078125	365.0
False	15	344.65625	360.0
False	15	346.875	371.75
False	15	349.109375	377.0
False	15	351.03125	384.5
True	15	353.25	417.0
False	13	129.828125	0.0
False	15	132.15625	0.0
False	15	126.8125	4601.5
False	0	136.828125	0.0
False	15	131.484375	4214.75
False	0	141.453125	0.0
False	0	143.796875	0.0
False	12	138.515625	3790.5
False	0	148.453125	0.0
False	15	143.28125	3106.25
False	15	145.59375	3016.25
False	15	147.953125	2952.75
False	0	157.796875	0.0
False	0	160.125	0.0
False	15	155.125	2781.75
False	15	157.5	2755.25
False	15	159.953125	2300.75
False	0	169.65625	0.0
False	0	172.0	0.0
False	15	166.90625	2633.0
False	15	169.234375	2626.75
False	15	171.59375	2613.25
False	15	173.9375	2602.0
False	15	176.3125	2600.0
False	15	178.640625	2600.0
False	15	180.796875	2614.5
False	15	183.109375	2621.0
False	15	185.453125	2639.5
False	15	187.765625	2654.5
False	0	197.3125	0.0
False	15	192.40625	2720.0
False	15	194.734375	2757.5
False	15	197.0625	2791.0
False	15	201.484375	538.75
False	15	204.296875	482.75
False	15	206.59375	491.25
False	15	208.859375	503.25
False	15	212.375	391.25
False	15	214.796875	368.0
False	15	217.359375	349.0
False	15	219.765625	342.75
False	15	222.265625	356.25
False	7	224.421875	359.5
False	15	226.453125	389.25
False	0	232.890625	0.0
False	0	235.140625	0.0
False	0	237.484375	0.0
False	15	239.84375	0.0
False	0	242.171875	0.0
False	0	244.5	0.0
False	0	246.84375	0.0
False	0	249.1875	0.0
False	13	250.265625	235.5
False	0	253.859375	0.0
False	0	256.203125	0.0
False	0	258.578125	0.0
False	0	260.921875	0.0
False	0	263.25	0.0
False	0	265.59375	0.0
False	0	267.9375	0.0
False	0	270.296875	0.0
False	0	272.625	0.0
False	0	274.984375	0.0
False	0	277.3125	0.0
False	0	279.640625	0.0
False	15	282.109375	0.0
False	15	284.46875	0.0
False	15	287.0625	171.25
False	0	289.125	0.0
False	0	291.484375	0.0
False	0	293.828125	0.0
False	15	288.890625	1989.75
False	0	298.53125	0.0
False	15	293.78125	1666.25
False	15	296.140625	1550.5
False	0	305.578125	0.0
False	0	307.75	0.0
False	15	303.265625	1291.0
False	15	305.578125	1232.25
False	15	308.015625	1159.5
False	15	310.4375	1090.0
False	15	312.75	1087.0
False	0	321.75	0.0
False	15	320.015625	395.75
False	15	322.140625	378.0
False	15	324.796875	368.25
False	15	327.1875	370.0
False	15	329.828125	365.25
False	15	332.3125	363.0
False	15	334.453125	366.75
False	15	336.5625	372.0
False	15	339.0	376.75
False	13	345.328125	0.0
False	15	347.671875	0.0
False	15	345.859375	406.75
False	15	348.140625	396.25
False	15	350.5	387.75
True	15	352.625	387.0
False	15	354.890625	395.5
False	15	357.5	407.0
False	15	359.421875	424.25
False	15	1.59375	458.0
False	15	2.296875	867.25
False	15	4.75	860.75
False	15	7.0625	858.0
False	15	9.390625	875.5
False	15	11.65625	884.0
False	15	13.9375	895.0
False	15	16.375	906.25
False	15	18.65625	920.0
False	15	20.890625	936.25
False	15	23.203125	954.5
False	15	25.53125	976.5
False	15	27.84375	999.5
False	15	30.125	1024.75
False	15	32.515625	1055.25
False	15	34.71875	1086.5
False	15	37.234375	1121.5
False	15	39.53125	1162.5
False	15	41.921875	1209.75
False	15	44.15625	1264.0
False	15	46.609375	1209.25
False	15	49.0	1194.75
False	15	51.234375	1263.25
False	15	53.546875	1337.0
False	15	55.796875	1424.0
False	15	58.109375	1525.75
False	15	60.03125	1931.0
False	15	62.328125	2088.0
False	15	64.578125	2283.5
False	15	66.875	2501.75
False	15	69.125	2786.0
False	0	78.953125	0.0
False	15	75.4375	706.75
False	15	77.71875	731.0
False	15	79.9375	759.25
False	15	82.09375	794.5
False	15	84.46875	834.25
False	15	86.796875	883.5
False	0	95.484375	0.0
False	15	97.875	0.0
False	15	92.46875	5538.75
False	13	95.125	2532.75
False	15	97.5	2449.5
False	15	99.859375	2433.0
False	15	103.125	948.5
False	15	105.40625	961.5
False	0	114.171875	0.0
False	0	116.5	0.0
False	8	112.765625	763.25
False	15	115.125	753.0
False	13	117.46875	750.75
False	0	125.859375	0.0
False	9	122.1875	761.0
False	0	130.515625	0.0
False	15	132.859375	0.0
False	10	127.515625	4617.25
False	15	129.890625	4084.5
False	15	132.203125	4119.0
False	0	142.171875	0.0
False	0	144.5	0.0
False	13	139.21875	3816.25
False	15	141.5625	3884.25
False	15	144.0	3071.75
False	15	146.328125	2987.0
False	0	156.171875	0.0
False	0	158.5	0.0
False	0	160.828125	0.0
False	15	155.84375	2779.5
False	15	158.21875	2748.25
False	0	168.015625	0.0
False	0	170.359375	0.0
False	0	172.6875	0.0
False	15	167.59375	2637.0
False	15	169.984375	2618.25
False	15	172.3125	2610.75
False	15	174.65625	2601.25
False	15	177.0	2598.25
False	15	179.1875	2593.75
False	15	181.515625	2608.75
False	15	183.828125	2627.25
False	15	186.125	2646.0
False	15	188.484375	2670.75
False	0	198.015625	0.0
False	15	193.125	2730.25
False	15	195.421875	2767.5
False	15	197.78125	2801.75
False	15	202.296875	521.75
False	15	205.140625	483.75
False	15	207.234375	495.25
False	0	214.59375	0.0
False	15	212.8125	383.5
False	15	215.40625	361.75
False	15	218.125	343.75
False	15	220.171875	347.0
False	15	222.625	360.5
False	15	224.796875	375.5
False	15	227.09375	395.0
False	0	233.578125	0.0
False	0	235.828125	0.0
False	15	238.1875	0.0
False	15	233.875	1046.75
False	14	242.875	0.0
False	15	245.234375	0.0
False	0	247.546875	0.0
False	10	249.53125	238.75
False	0	252.234375	0.0
False	0	254.5625	0.0
False	0	256.90625	0.0
False	0	259.265625	0.0
False	0	261.609375	0.0
False	0	263.9375	0.0
False	0	266.28125	0.0
False	0	268.625	0.0
False	0	270.96875	0.0
False	0	273.3125	0.0
False	0	275.65625	0.0
False	0	278.0	0.0
False	11	280.359375	0.0
False	15	282.78125	0.0
False	15	285.140625	0.0
False	15	287.234375	172.75
False	0	289.796875	0.0
False	0	292.15625	0.0
False	0	294.5	0.0
False	15	289.59375	1916.75
False	15	292.0	1759.0
False	15	294.453125	1627.0
False	15	296.828125	1523.0
False	0	306.09375	0.0
False	0	308.421875	0.0
False	15	303.953125	1229.5
False	15	306.28125	1240.25
False	15	308.625	1168.25
False	15	311.125	1097.5
False	15	313.453125	1029.0
False	15	317.8125	438.75
False	15	320.609375	383.5
False	15	322.90625	380.25
False	15	325.453125	370.0
False	15	327.75	367.5
False	15	330.53125	362.5
False	15	332.65625	363.0
False	15	335.15625	368.25
False	15	337.53125	372.25
False	15	339.3125	377.75
False	0	345.984375	0.0
False	15	344.015625	412.0
False	15	346.453125	403.5
False	15	348.875	393.5
False	15	351.171875	384.5
True	15	353.25	388.25
False	15	355.5625	398.25
False	15	357.71875	411.5
False	15	0.109375	430.25
False	0	7.03125	0.0
False	15	9.375	0.0
False	15	5.453125	863.25
False	15	7.796875	859.0
False	15	10.078125	877.5
False	15	12.25	886.25
False	15	14.71875	898.0
False	15	17.03125	909.0
False	15	19.28125	926.0
False	15	21.5625	942.75
False	15	23.9375	958.75
False	15	26.1875	981.5
False	15	28.5	1005.75
False	15	30.78125	1032.75
False	15	33.078125	1063.0
False	15	35.578125	1094.75
False	15	37.9375	1133.75
False	15	40.1875	1173.0
False	15	42.546875	1224.5
False	15	44.875	1238.0
False	15	47.25	1199.25
False	15	49.640625	1212.75
False	15	51.859375	1279.75
False	15	54.203125	1359.75
False	15	56.484375	1450.75
False	15	58.796875	1563.25
False	15	60.671875	1973.0
False	15	62.9375	2136.5
False	15	65.203125	2360.25
False	15	67.5	2591.25
False	15	69.765625	2776.75
False	15	73.6875	686.5
False	15	75.9375	713.25
False	15	78.203125	739.0
False	15	80.5	769.25
False	15	82.703125	804.0
False	15	85.15625	844.75
False	15	87.390625	899.5
False	0	96.15625	0.0
False	15	98.5	0.0
False	15	93.109375	5589.5
False	15	95.765625	2535.75
False	15	98.15625	2456.0
False	0	107.609375	0.0
False	15	103.8125	951.25
False	15	106.125	965.25
False	0	114.796875	0.0
False	0	117.140625	0.0
False	12	113.40625	759.75
False	15	115.75	750.0
False	8	118.015625	756.75
False	0	126.484375	0.0
False	0	128.828125	0.0
False	0	131.15625	0.0
False	15	133.5	0.0
False	0	135.828125	0.0
False	15	130.5	4120.75
False	9	132.828125	4199.75
False	15	135.171875	3951.75
False	15	137.515625	3819.0
False	0	147.46875	0.0
False	15	142.234375	3217.25
False	15	144.609375	3050.25
False	15	146.96875	2977.0
False	0	156.796875	0.0
False	8	151.65625	2779.5
False	0	161.46875	0.0
False	15	156.484375	2761.75
False	15	158.84375	2726.75
False	0	168.640625	0.0
False	0	170.984375	0.0
False	15	165.90625	2633.75
False	15	168.234375	2629.25
False	15	170.578125	2615.25
False	15	172.9375	2605.75
False	15	175.296875	2603.25
False	15	177.625	2598.25
False	15	179.8125	2608.75
False	15	182.125	2619.0
False	15	184.46875	2627.25
False	15	186.78125	2649.25
False	15	189.109375	2675.5
False	15	191.421875	2707.0
False	0	201.203125	0.0
False	15	196.078125	2778.75
False	15	198.40625	2812.75
False	15	203.046875	503.75
False	15	205.703125	485.0
False	15	208.046875	497.5
False	15	210.953125	400.75
False	15	213.84375	377.0
False	15	216.28125	356.75
False	15	218.796875	339.0
False	15	221.109375	350.5
False	15	223.171875	368.25
False	15	225.53125	381.25
False	15	227.640625	400.5
False	0	234.15625	0.0
False	15	229.4375	1463.5
False	15	231.578125	2028.5
False	15	234.640625	1029.25
False	9	243.515625	0.0
False	15	245.84375	0.0
False	15	241.203125	1475.25
False	13	249.296875	237.0
False	0	252.859375	0.0
False	0	255.203125	0.0
False	0	257.546875	0.0
False	0	259.90625	0.0
False	0	262.25	0.0
False	0	264.59375	0.0
False	0	266.921875	0.0
False	0	269.28125	0.0
False	0	271.609375	0.0
False	0	273.953125	0.0
False	0	276.296875	0.0
False	0	278.640625	0.0
False	15	281.015625	0.0
False	15	283.453125	0.0
False	15	285.796875	0.0
False	11	287.890625	173.5
False	0	290.46875	0.0
False	0	292.8125	0.0
False	10	287.875	2077.0
False	0	297.515625	0.0
False	15	292.703125	1760.0
False	15	295.171875	1585.0
False	14	297.546875	1512.0
False	0	306.734375	0.0
False	0	309.0625	0.0
False	15	304.5625	1223.5
False	15	307.015625	1151.0
False	15	309.34375	1179.25
False	15	311.734375	1105.0
False	0	320.75	0.0
False	15	318.59375	421.5
False	15	321.390625	377.0
False	0	327.734375	0.0
False	15	326.140625	368.5
False	15	328.453125	363.75
False	15	331.109375	360.75
False	15	333.34375	362.25
False	15	335.578125	367.25
False	15	338.21875	371.75
False	15	344.328125	0.0
False	11	346.671875	0.0
False	15	344.40625	408.25
False	15	347.0625	398.5
False	15	349.4375	390.25
False	15	351.984375	382.75
True	15	354.078125	388.5
False	15	80.6875	486.25
False	15	82.90625	488.0
False	15	85.328125	490.75
False	15	87.734375	494.0
False	15	90.046875	498.0
False	15	92.328125	503.5
False	15	94.71875	508.75
False	15	97.140625	517.75
False	15	99.453125	528.75
False	9	101.734375	544.0
False	12	103.984375	550.0
False	15	105.109375	959.25
False	9	107.484375	990.25
False	0	116.1875	0.0
False	8	112.484375	767.0
False	15	114.859375	750.5
False	15	117.078125	752.0
False	0	125.546875	0.0
False	10	121.859375	771.25
False	0	130.234375	0.0
False	12	132.59375	0.0
False	15	127.25	4570.0
False	15	129.625	4047.5
False	15	131.90625	4154.25
False	0	141.890625	0.0
False	10	136.609375	3871.5
False	11	138.9375	3907.0
False	15	141.296875	3786.5
False	15	143.734375	3078.75
False	15	146.0625	3001.0
False	0	155.90625	0.0
False	0	158.234375	0.0
False	0	160.578125	0.0
False	15	155.609375	2778.75
False	15	157.9375	2747.75
False	8	160.4375	2311.0
False	0	170.125	0.0
False	0	172.46875	0.0
False	15	167.40625	2634.25
False	15	169.75	2622.75
False	15	172.09375	2609.5
False	15	174.453125	2601.25
False	15	176.796875	2598.75
False	15	178.96875	2603.75
False	15	181.265625	2620.25
False	15	183.625	2619.5
False	15	185.9375	2639.5
False	15	188.265625	2660.25
False	15	192.59375	556.0
False	15	192.90625	2728.25
False	15	195.25	2759.5
False	15	197.5625	2794.5
False	15	202.0625	526.25
False	15	204.640625	482.75
False	15	207.28125	493.75
False	15	209.375	506.75
False	15	212.671875	385.25
False	15	215.59375	363.25
False	15	218.28125	345.0
False	15	220.40625	345.25
False	15	222.40625	359.75
False	15	224.53125	373.25
False	15	227.046875	393.75
False	0	233.421875	0.0
False	0	235.671875	0.0
False	15	238.03125	0.0
False	15	233.796875	1049.0
False	10	236.03125	1071.5
False	0	245.046875	0.0
False	0	247.390625	0.0
False	11	248.15625	241.0
False	8	251.15625	234.0
False	0	254.421875	0.0
False	0	256.765625	0.0
False	0	259.125	0.0
False	0	261.46875	0.0
False	0	263.8125	0.0
False	0	266.15625	0.0
False	0	268.5	0.0
False	0	270.859375	0.0
False	0	273.1875	0.0
False	0	275.53125	0.0
False	0	277.890625	0.0
False	10	280.25	0.0
False	15	282.6875	0.0
False	15	285.03125	0.0
False	15	287.140625	172.5
False	0	289.71875	0.0
False	11	289.8125	264.0
False	15	292.0	265.75
False	15	289.5	1920.5
False	0	299.109375	0.0
False	0	301.46875	0.0
False	15	296.734375	1515.75
False	0	306.015625	0.0
False	0	308.328125	0.0
False	15	303.875	1237.25
False	15	306.171875	1243.25
False	15	308.625	1169.5
False	15	310.96875	1099.25
False	15	313.5	1029.75
False	0	322.34375	0.0
False	15	321.5625	308.25
False	15	324.265625	298.5
False	15	326.546875	290.5
False	15	329.109375	287.75
False	15	331.4375	284.25
False	15	334.265625	281.25
False	15	336.453125	279.5
False	15	338.59375	280.25
False	9	341.9375	273.75
False	15	343.4375	282.75
False	15	348.328125	0.0
False	15	350.671875	0.0
False	15	349.71875	330.0
False	15	351.96875	316.75
True	15	354.578125	312.0
False	15	357.15625	306.25
False	15	359.21875	303.5
False	15	1.859375	312.25
False	15	3.328125	322.75
False	15	5.734375	333.75
False	15	8.203125	348.25
False	15	10.296875	370.75
False	0	16.390625	0.0
False	15	12.28125	889.5
False	15	14.65625	898.5
False	15	16.9375	909.25
False	15	19.296875	924.5
False	15	21.578125	942.75
False	15	23.96875	960.25
False	15	26.171875	982.0
False	15	28.53125	1008.25
False	15	30.84375	1033.0
False	15	33.15625	1063.0
False	15	35.671875	1097.5
False	15	37.921875	1134.25
False	15	40.265625	1175.25
False	15	42.609375	1225.5
False	15	44.890625	1237.5
False	15	47.28125	1198.75
False	15	49.609375	1213.75
False	15	51.9375	1280.75
False	15	54.265625	1360.75
False	15	56.546875	1456.25
False	15	58.796875	1565.5
False	15	60.734375	1977.0
False	15	63.0	2126.5
False	15	67.6875	492.75
False	15	69.984375	491.75
False	15	72.328125	489.5
False	15	74.71875	487.5
False	15	77.109375	486.0
False	15	79.484375	486.0
False	15	81.640625	486.25
False	15	84.015625	489.25
False	15	86.578125	492.5
False	15	88.796875	495.0
False	15	91.046875	500.75
False	15	93.4375	506.25
False	15	95.78125	512.75
False	15	98.1875	523.25
False	15	100.40625	531.75
False	8	102.640625	548.0
False	13	103.9375	967.0
False	15	106.25	965.0
False	0	114.921875	0.0
False	0	117.265625	0.0
False	12	113.4375	759.5
False	15	115.984375	748.0
False	0	124.296875	0.0
False	0	126.625	0.0
False	0	128.96875	0.0
False	11	131.3125	0.0
False	15	125.953125	4649.25
False	0	135.984375	0.0
False	15	130.671875	4117.5
False	0	140.625	0.0
False	15	135.328125	3944.5
False	15	137.6875	3808.0
False	0	147.640625	0.0
False	15	142.421875	3168.25
False	15	144.8125	3031.25
False	15	147.140625	2970.5
False	0	156.96875	0.0
False	0	159.3125	0.0
False	0	161.65625	0.0
False	15	156.6875	2763.75
False	15	159.03125	2726.75
False	0	168.828125	0.0
False	0	171.171875	0.0
False	15	166.109375	2635.5
False	15	168.4375	2629.25
False	15	170.78125	2617.75
False	15	173.15625	2591.25
False	15	175.5	2602.5
False	15	177.84375	2601.25
False	15	180.0	2609.5
False	15	182.328125	2620.25
False	15	184.640625	2633.75
False	15	186.984375	2650.5
False	15	189.296875	2682.25
False	15	191.640625	2704.25
False	11	193.953125	2718.0
False	15	196.3125	2777.25
False	0	205.859375	0.0
False	15	203.234375	495.0
False	15	205.9375	487.75
False	15	208.28125	498.5
False	15	211.5	398.25
False	15	213.71875	375.0
False	15	216.640625	355.0
False	15	219.09375	340.0
False	15	221.4375	351.75
False	15	223.609375	371.5
False	15	225.90625	383.25
False	15	227.578125	404.25
False	9	234.171875	229.0
False	15	229.65625	1640.5
False	15	231.953125	1699.25
False	15	234.8125	1020.0
False	0	243.765625	0.0
False	15	246.109375	0.0
False	15	241.46875	1478.25
False	14	248.8125	237.25
False	0	253.125	0.0
False	0	255.484375	0.0
False	0	257.828125	0.0
False	0	260.171875	0.0
False	0	262.515625	0.0
False	0	264.875	0.0
False	0	267.21875	0.0
False	0	269.5625	0.0
False	0	271.90625	0.0
False	0	274.25	0.0
False	0	276.578125	0.0
False	0	278.9375	0.0
False	15	281.3125	0.0
False	15	283.765625	0.0
False	15	286.109375	0.0
False	0	288.421875	0.0
False	0	290.78125	0.0
False	0	293.125	0.0
False	15	288.171875	2072.25
False	0	297.828125	0.0
False	15	293.015625	1721.5
False	15	295.46875	1589.5
False	0	304.890625	0.0
False	0	307.0625	0.0
False	10	302.546875	1287.5
False	15	304.890625	1227.5
False	15	307.296875	1154.75
False	15	309.75	1112.25
False	15	312.0	1110.0
False	0	321.078125	0.0
False	15	319.734375	352.0
False	15	322.84375	303.75
False	0	328.0625	0.0
False	15	327.796875	293.75
False	15	330.671875	289.0
False	15	333.15625	286.0
False	15	334.765625	284.25
False	15	337.5625	283.75
False	15	339.890625	285.0
False	14	341.46875	292.75
False	15	347.015625	0.0
False	15	349.359375	0.0
False	15	348.34375	341.75
False	15	350.484375	320.0
False	15	353.28125	315.25
True	15	355.921875	309.75
False	15	358.03125	305.75
False	15	0.453125	311.0
False	15	2.6875	320.5
False	15	4.59375	332.25
False	15	7.046875	347.25
False	15	8.8125	365.75
False	0	15.109375	0.0
False	0	17.453125	0.0
False	15	19.75	0.0
False	15	15.625	902.0
False	15	18.0625	915.75
False	15	20.359375	932.5
False	15	22.671875	948.5
False	15	24.96875	970.25
False	15	27.296875	991.75
False	15	29.609375	1018.75
False	15	31.875	1046.0
False	15	34.171875	1078.25
False	15	36.65625	1110.5
False	15	38.984375	1151.5
False	15	41.34375	1195.25
False	15	43.625	1245.5
False	15	46.015625	1218.75
False	15	48.390625	1182.5
False	15	50.640625	1242.5
False	15	53.0	1321.0
False	15	55.25	1402.5
False	15	57.5625	1499.25
False	15	59.46875	1897.5
False	15	61.734375	2057.75
False	15	66.203125	495.5
False	15	68.53125	491.75
False	15	70.984375	490.25
False	15	73.28125	488.0
False	15	75.796875	486.75
False	15	78.046875	486.5
False	15	80.265625	486.25
False	15	82.71875	488.0
False	15	85.078125	490.75
False	15	87.484375	493.5
False	15	89.75	497.25
False	15	92.328125	503.0
False	15	94.625	507.5
False	15	96.875	517.25
False	15	99.125	527.25
False	15	101.375	543.25
False	11	103.640625	552.5
False	15	104.953125	955.5
False	15	107.21875	981.0
False	0	115.96875	0.0
False	0	118.3125	0.0
False	14	114.53125	752.75
False	15	117.0	749.25
False	11	119.328125	736.0
False	12	127.6875	0.0
False	9	130.015625	0.0
False	12	132.34375	0.0
False	15	127.015625	4581.75
False	14	129.375	3985.75
False	15	131.6875	4159.0
False	0	141.65625	0.0
False	15	136.359375	3874.5
False	12	138.71875	3758.5
False	11	141.0625	3697.25
False	15	143.484375	3081.5
False	15	145.8125	3007.0
False	15	148.1875	2943.75
False	0	158.015625	0.0
False	0	160.34375	0.0
False	15	155.375	2784.5
False	15	157.75	2748.25
False	15	160.15625	2328.0
False	0	169.890625	0.0
False	0	172.25	0.0
False	15	167.15625	2633.0
False	15	169.515625	2619.5
False	15	171.84375	2609.5
False	15	174.203125	2601.25
False	15	176.546875	2600.75
False	15	178.75	2598.75
False	15	181.015625	2615.25
False	15	183.359375	2622.75
False	15	185.6875	2642.75
False	15	188.015625	2655.75
False	15	192.5	553.0
False	15	192.671875	2717.25
False	15	194.984375	2759.0
False	15	197.34375	2793.75
False	15	201.921875	540.5
False	15	204.65625	481.75
False	15	207.125	492.25
False	15	209.40625	505.5
False	15	212.59375	388.0
False	15	214.921875	365.0
False	15	217.703125	347.0
False	15	220.046875	344.5
False	15	222.46875	357.75
False	15	224.296875	368.5
False	15	226.8125	391.75
False	0	233.171875	0.0
False	0	235.421875	0.0
False	15	237.78125	0.0
False	15	233.46875	1054.0
False	0	242.453125	0.0
False	0	244.796875	0.0
False	0	247.140625	0.0
False	9	247.28125	241.0
False	12	249.859375	235.5
False	0	254.1875	0.0
False	0	256.53125	0.0
False	0	258.875	0.0
False	0	261.21875	0.0
False	0	263.5625	0.0
False	0	265.90625	0.0
False	0	268.25	0.0
False	0	270.59375	0.0
False	0	272.9375	0.0
False	0	275.296875	0.0
False	0	277.640625	0.0
False	0	279.984375	0.0
False	15	282.421875	0.0
False	15	284.796875	0.0
False	15	287.40625	172.0
False	0	289.453125	0.0
False	0	291.828125	0.0
False	0	294.15625	0.0
False	15	289.28125	1978.75
False	15	291.640625	1827.5
False	15	294.09375	1671.75
False	15	296.578125	1511.5
False	0	305.921875	0.0
False	0	308.09375	0.0
False	15	303.59375	1271.75
False	15	305.984375	1237.75
False	15	308.3125	1167.0
False	15	310.828125	1096.25
False	15	313.234375	1024.0
False	0	322.09375	0.0
False	15	321.671875	313.0
False	15	323.796875	307.75
False	15	326.03125	298.75
False	15	328.890625	296.0
False	15	330.953125	292.5
False	15	333.15625	289.0
False	15	335.953125	288.25
False	15	338.78125	289.25
False	15	340.90625	285.0
False	15	343.1875	294.5
False	0	348.015625	0.0
False	15	350.390625	0.0
False	15	349.515625	325.5
False	15	351.890625	319.75
True	15	353.984375	313.5
False	15	227.609375	404.5
False	9	233.3125	229.25
False	15	229.453125	2053.5
False	15	231.8125	2017.75
False	15	234.90625	1018.5
False	0	243.78125	0.0
False	15	246.125	0.0
False	15	241.484375	1476.25
False	13	249.265625	237.25
False	0	253.140625	0.0
False	0	255.5	0.0
False	0	257.828125	0.0
False	0	260.1875	0.0
False	0	262.53125	0.0
False	0	264.875	0.0
False	0	267.21875	0.0
False	0	269.5625	0.0
False	0	271.90625	0.0
False	0	274.25	0.0
False	0	276.59375	0.0
False	0	278.9375	0.0
False	15	281.296875	0.0
False	15	283.734375	0.0
False	15	286.09375	0.0
False	0	288.421875	0.0
False	0	290.75	0.0
False	0	293.109375	0.0
False	15	295.484375	0.0
False	0	297.8125	0.0
False	15	293.03125	1720.0
False	0	302.515625	0.0
False	0	304.859375	0.0
False	0	307.03125	0.0
False	8	302.5	1285.25
False	15	304.890625	1226.75
False	15	307.34375	1153.25
False	15	309.625	1125.0
False	15	312.046875	1105.75
False	0	321.03125	0.0
False	0	323.359375	0.0
False	15	319.109375	1007.5
False	0	328.03125	0.0
False	15	323.984375	961.5
False	15	328.328125	411.75
False	15	331.09375	380.0
False	15	333.328125	372.75
False	15	336.234375	365.75
False	15	338.53125	360.75
False	15	340.796875	352.5
False	15	342.921875	361.0
False	15	345.65625	357.5
False	15	347.9375	357.75
False	0	354.0	0.0
False	15	351.796875	415.0
True	15	354.28125	391.75
False	15	356.84375	382.75
False	15	359.265625	373.75
False	15	1.625	371.75
False	15	4.15625	370.5
False	15	6.421875	376.25
False	15	8.28125	392.5
False	15	10.796875	413.25
False	0	17.375	0.0
False	15	19.671875	0.0
False	15	15.671875	901.25
False	15	17.953125	916.75
False	15	20.21875	931.75
False	15	22.53125	947.75
False	15	24.859375	969.25
False	15	27.21875	990.75
False	15	29.40625	1018.0
False	15	31.71875	1045.25
False	15	34.03125	1077.25
False	15	36.53125	1110.0
False	15	38.875	1150.5
False	15	41.203125	1194.25
False	15	43.5	1244.25
False	15	45.921875	1220.25
False	15	48.265625	1181.5
False	15	50.578125	1240.25
False	15	52.84375	1314.25
False	15	55.171875	1395.75
False	15	57.453125	1491.0
False	15	59.390625	1886.25
False	15	61.640625	2052.25
False	15	63.90625	2231.5
False	15	66.1875	2461.0
False	15	68.484375	2696.75
False	15	70.765625	2909.0
False	15	73.0625	3258.75
False	11	75.28125	4211.5
False	15	77.578125	4405.25
False	15	80.84375	1204.75
False	15	83.375	1167.25
False	15	85.734375	1135.5
False	15	88.15625	1108.25
False	15	90.53125	1085.5
False	10	92.859375	1078.75
False	0	101.859375	0.0
False	15	104.234375	0.0
False	15	99.171875	2422.75
False	15	102.375	958.0
False	15	104.84375	955.75
False	15	107.125	977.75
False	0	115.8125	0.0
False	0	118.140625	0.0
False	14	114.421875	755.25
False	15	116.6875	749.5
False	12	119.078125	747.0
False	13	127.5	0.0
False	14	129.84375	0.0
False	15	132.171875	0.0
False	15	126.84375	4605.25
False	0	136.84375	0.0
False	15	131.515625	4223.0
False	0	141.46875	0.0
False	9	136.1875	3830.0
False	15	138.5625	3761.0
False	0	148.484375	0.0
False	15	143.3125	3116.0
False	15	145.671875	3013.5
False	15	147.984375	2960.0
False	0	157.828125	0.0
False	0	160.15625	0.0
False	15	155.15625	2781.75
False	15	157.5	2758.25
False	15	159.953125	2319.5
False	0	169.671875	0.0
False	0	172.015625	0.0
False	15	166.90625	2633.75
False	15	169.265625	2622.25
False	15	171.640625	2610.0
False	15	173.984375	2603.75
False	15	176.3125	2599.5
False	15	178.671875	2600.0
False	15	180.828125	2615.75
False	15	183.171875	2619.5
False	15	185.453125	2639.5
False	15	187.796875	2655.0
False	0	197.328125	0.0
False	15	192.453125	2721.25
False	15	194.75	2759.0
False	15	197.09375	2791.0
False	15	201.734375	539.0
False	15	204.109375	482.75
False	15	206.609375	491.5
False	15	209.140625	502.75
False	15	212.453125	391.0
False	15	214.765625	367.5
False	15	217.46875	348.75
False	15	219.84375	343.0
False	15	222.1875	356.5
False	8	224.140625	365.0
False	15	226.375	389.5
False	0	232.90625	0.0
False	0	235.171875	0.0
False	15	237.515625	0.0
False	15	233.21875	1059.25
False	0	242.203125	0.0
False	0	244.53125	0.0
False	0	246.875	0.0
False	0	249.21875	0.0
False	13	251.328125	235.25
False	0	253.890625	0.0
False	0	256.234375	0.0
False	0	258.59375	0.0
False	0	260.9375	0.0
False	0	263.265625	0.0
False	0	265.625	0.0
False	0	267.96875	0.0
False	0	270.3125	0.0
False	0	272.65625	0.0
False	0	275.0	0.0
False	0	277.34375	0.0
False	0	279.671875	0.0
False	15	282.140625	0.0
False	15	284.5	0.0
False	15	287.109375	171.5
False	0	289.15625	0.0
False	0	291.515625	0.0
False	0	293.859375	0.0
False	15	288.96875	1988.5
False	15	291.390625	1834.5
False	15	293.765625	1667.5
False	15	296.21875	1543.75
False	0	305.609375	0.0
False	0	307.765625	0.0
False	15	303.28125	1292.25
False	15	305.625	1232.5
False	15	308.0	1159.5
False	15	310.453125	1089.75
False	15	312.78125	1090.5
False	0	321.78125	0.0
False	15	317.625	978.0
False	15	319.9375	955.25
False	15	322.390625	920.5
False	15	324.8125	978.75
False	15	329.578125	389.5
False	15	332.109375	376.5
False	15	334.203125	370.5
False	15	336.609375	364.5
False	15	339.21875	358.75
False	11	341.875	349.0
False	15	343.671875	358.75
False	15	346.3125	356.75
False	15	352.390625	0.0
False	15	354.703125	0.0
True	15	352.453125	409.5
False	15	355.046875	387.75
False	15	357.4375	376.75
False	15	359.921875	370.75
False	15	2.359375	369.0
False	15	4.5	368.5
False	15	7.03125	379.0
False	15	9.0	393.0
False	15	11.359375	426.25
False	0	18.078125	0.0
False	15	20.421875	0.0
False	15	16.3125	906.5
False	15	18.625	920.75
False	15	20.921875	936.75
False	15	23.21875	954.75
False	15	25.609375	976.5
False	15	27.84375	999.75
False	15	30.1875	1024.75
False	15	32.484375	1055.5
False	15	34.828125	1086.75
False	15	37.3125	1122.0
False	15	39.625	1163.0
False	15	41.90625	1210.75
False	15	44.1875	1257.25
False	15	46.640625	1208.75
False	15	48.984375	1195.5
False	15	51.3125	1264.0
False	15	53.5625	1338.5
False	15	55.890625	1424.75
False	15	58.203125	1526.25
False	15	60.046875	1931.75
False	15	62.359375	2090.0
False	15	64.625	2286.75
False	15	66.90625	2503.0
False	15	69.15625	2787.5
False	15	71.453125	3026.25
False	15	73.75	3382.0
False	10	75.984375	4306.25
False	0	85.984375	0.0
False	15	81.546875	1193.75
False	15	84.0625	1155.25
False	15	86.421875	1124.25
False	15	88.8125	1100.5
False	15	91.28125	1081.75
False	9	100.234375	0.0
False	15	102.59375	0.0
False	15	97.546875	2453.25
False	15	99.875	2434.75
False	15	103.1875	948.5
False	15	105.484375	961.25
False	0	114.21875	0.0
False	0	116.53125	0.0
False	8	112.75	763.75
False	15	115.0625	751.0
False	13	117.46875	752.75
False	0	125.890625	0.0
False	8	122.109375	760.25
False	0	130.5625	0.0
False	15	132.90625	0.0
False	8	127.5625	4595.5
False	15	129.9375	4083.0
False	15	132.234375	4125.5
False	0	142.21875	0.0
False	0	144.546875	0.0
False	14	139.265625	3841.0
False	15	141.609375	3899.75
False	15	144.03125	3065.75
False	15	146.359375	2994.5
False	0	156.203125	0.0
False	0	158.546875	0.0
False	0	160.875	0.0
False	15	155.890625	2780.25
False	15	158.25	2733.75
False	0	168.0625	0.0
False	0	170.40625	0.0
False	0	172.734375	0.0
False	15	167.671875	2638.75
False	15	170.015625	2620.25
False	15	172.375	2607.5
False	15	174.703125	2599.5
False	15	177.0625	2598.75
False	15	179.203125	2594.5
False	15	181.5625	2610.0
False	15	183.875	2624.0
False	15	186.171875	2644.75
False	15	188.546875	2670.75
False	0	198.0625	0.0
False	15	193.171875	2732.25
False	15	195.5	2768.0
False	15	197.8125	2804.0
False	15	202.5	520.25
False	15	205.234375	483.75
False	15	207.359375	494.75
False	0	214.640625	0.0
False	15	213.28125	382.5
False	15	215.5	361.0
False	15	218.453125	343.0
False	15	220.5625	347.0
False	15	222.4375	361.25
False	15	224.890625	376.25
False	15	226.78125	395.5
False	0	233.625	0.0
False	0	235.890625	0.0
False	15	238.25	0.0
False	15	233.96875	1046.5
False	15	242.9375	0.0
False	15	245.28125	0.0
False	11	240.65625	1378.0
False	12	249.03125	239.5
False	0	252.28125	0.0
False	0	254.625	0.0
False	0	256.96875	0.0
False	0	259.328125	0.0
False	0	261.671875	0.0
False	0	264.015625	0.0
False	0	266.359375	0.0
False	0	268.703125	0.0
False	0	271.03125	0.0
False	0	273.375	0.0
False	0	275.71875	0.0
False	0	278.078125	0.0
False	11	280.4375	0.0
False	15	282.875	0.0
False	15	285.234375	0.0
False	15	287.328125	172.75
False	0	289.890625	0.0
False	0	292.234375	0.0
False	0	294.59375	0.0
False	15	289.6875	1911.25
False	15	292.125	1757.75
False	15	294.5625	1617.5
False	15	296.96875	1526.0
False	0	306.1875	0.0
False	0	308.484375	0.0
False	15	304.0	1215.5
False	15	306.359375	1225.5
False	15	308.71875	1169.25
False	15	311.140625	1098.75
False	15	313.53125	1028.0
False	0	322.5	0.0
False	15	318.3125	991.0
False	15	320.578125	990.75
False	15	322.984375	941.5
False	15	327.53125	432.5
False	15	330.40625	381.0
False	15	332.453125	373.25
False	15	335.0625	367.5
False	15	337.5	361.25
False	15	339.8125	357.25
False	15	341.9375	366.0
False	15	344.609375	356.75
False	15	346.734375	355.5
False	14	353.109375	0.0
False	15	355.40625	0.0
True	15	353.671875	389.75
False	14	138.109375	3770.5
False	0	148.0625	0.0
False	15	142.875	3133.25
False	15	145.21875	3029.75
False	15	147.5625	2965.75
False	0	157.421875	0.0
False	0	159.765625	0.0
False	0	162.234375	0.0
False	15	157.125	2757.5
False	15	159.578125	2316.0
False	0	169.296875	0.0
False	0	171.65625	0.0
False	15	166.5625	2634.25
False	15	168.9375	2619.5
False	15	171.28125	2607.5
False	15	173.59375	2600.75
False	15	175.96875	2612.0
False	15	178.3125	2600.0
False	15	180.453125	2609.5
False	15	182.796875	2619.0
False	15	185.140625	2633.0
False	15	187.46875	2655.0
False	15	189.765625	2686.25
False	15	192.078125	2718.0
False	15	194.4375	2752.5
False	15	196.765625	2783.0
False	15	201.359375	534.0
False	15	203.96875	496.5
False	15	206.546875	490.25
False	15	208.6875	500.5
False	15	212.0	394.0
False	15	214.796875	370.75
False	15	217.3125	350.5
False	15	219.625	341.25
False	15	221.578125	354.25
False	0	227.90625	0.0
False	15	225.984375	387.5
False	0	232.625	0.0
False	0	234.875	0.0
False	15	237.234375	0.0
False	0	239.28125	0.0
False	0	241.921875	0.0
False	0	244.265625	0.0
False	0	246.609375	0.0
False	0	248.953125	0.0
False	12	249.4375	236.5
False	0	253.65625	0.0
False	0	255.984375	0.0
False	0	258.34375	0.0
False	0	260.6875	0.0
False	0	263.03125	0.0
False	0	265.375	0.0
False	0	267.734375	0.0
False	0	270.0625	0.0
False	0	272.421875	0.0
False	0	274.765625	0.0
False	0	277.109375	0.0
False	0	279.453125	0.0
False	15	281.828125	0.0
False	15	284.28125	0.0
False	15	286.625	0.0
False	0	288.953125	0.0
False	13	289.765625	240.25
False	15	292.265625	242.0
False	15	295.28125	250.75
False	14	291.15625	1838.25
False	0	300.71875	0.0
False	0	303.0625	0.0
False	0	305.421875	0.0
False	0	307.59375	0.0
False	15	303.109375	1286.25
False	15	305.421875	1232.0
False	15	307.875	1161.0
False	15	310.234375	1093.25
False	15	312.65625	1101.75
False	0	321.625	0.0
False	15	317.484375	979.5
False	15	319.78125	953.75
False	15	322.15625	924.75
False	15	324.5625	979.25
False	15	327.03125	901.0
False	15	329.5	872.25
False	0	337.96875	0.0
False	15	336.78125	363.5
False	15	339.4375	349.5
False	9	341.6875	336.5
False	15	344.21875	342.75
False	15	346.375	339.5
False	15	348.546875	336.75
False	15	351.046875	334.25
True	15	353.53125	341.75
False	15	355.65625	352.75
False	15	1.625	0.0
False	15	3.984375	0.0
False	15	2.28125	393.5
False	15	4.734375	382.0
False	15	7.109375	375.25
False	15	9.3125	383.25
False	15	11.734375	390.0
False	15	13.828125	399.75
False	15	15.84375	411.75
False	15	18.140625	438.25
False	0	25.015625	0.0
False	15	27.375	0.0
False	15	23.265625	954.25
False	15	25.515625	976.5
False	15	27.890625	997.75
False	15	30.09375	1023.0
False	15	32.5	1053.5
False	15	34.734375	1086.25
False	15	37.21875	1121.75
False	15	39.546875	1162.5
False	15	41.9375	1210.25
False	15	44.25	1257.5
False	15	46.625	1209.25
False	15	48.96875	1195.5
False	15	51.28125	1263.5
False	15	53.59375	1338.25
False	15	55.84375	1425.5
False	15	58.15625	1526.75
False	15	60.078125	1932.0
False	15	62.328125	2091.0
False	15	64.609375	2291.75
False	15	66.90625	2506.5
False	15	69.1875	2783.75
False	15	71.46875	3027.25
False	15	73.78125	3386.25
False	12	76.015625	4339.25
False	13	79.234375	1241.0
False	15	81.5625	1244.75
False	15	84.015625	1271.25
False	15	86.328125	1294.0
False	9	88.734375	1320.5
False	9	91.0	1350.0
False	0	100.3125	0.0
False	15	95.21875	2540.5
False	15	97.59375	2454.0
False	15	99.953125	2429.25
False	15	103.3125	948.0
False	15	105.625	961.75
False	0	114.3125	0.0
False	0	116.625	0.0
False	9	112.9375	763.25
False	15	115.1875	750.0
False	12	117.609375	752.75
False	0	125.984375	0.0
False	7	122.265625	760.25
False	0	130.65625	0.0
False	15	133.015625	0.0
False	0	135.359375	0.0
False	15	130.046875	4089.25
False	15	132.34375	4141.5
False	11	134.6875	3968.0
False	0	144.65625	0.0
False	13	139.390625	3852.0
False	14	141.71875	3941.5
False	15	144.15625	3059.75
False	15	146.484375	2980.5
False	0	156.34375	0.0
False	0	158.671875	0.0
False	11	153.5625	2751.75
False	15	156.0625	2778.0
False	15	158.421875	2739.25
False	0	168.21875	0.0
False	0	170.578125	0.0
False	0	172.9375	0.0
False	15	167.8125	2637.0
False	15	170.171875	2621.0
False	15	172.546875	2608.25
False	15	174.90625	2597.5
False	15	177.25	2598.25
False	15	179.40625	2591.25
False	15	181.734375	2619.5
False	15	184.03125	2626.75
False	15	186.390625	2644.0
False	15	188.703125	2677.5
False	15	191.03125	2698.25
False	15	193.359375	2734.5
False	15	195.6875	2766.0
False	15	198.015625	2804.75
False	15	202.546875	516.0
False	15	205.328125	485.0
False	15	207.78125	495.5
False	0	214.859375	0.0
False	15	213.515625	381.25
False	15	215.875	359.25
False	15	218.40625	342.0
False	15	220.671875	348.5
False	15	222.703125	363.25
False	15	225.109375	379.25
False	15	227.46875	397.25
False	0	233.890625	0.0
False	10	229.125	1536.0
False	15	231.359375	1622.75
False	15	234.296875	1042.0
False	15	243.203125	0.0
False	15	245.546875	0.0
False	11	240.9375	1388.0
False	11	248.578125	238.75
False	0	252.5625	0.0
False	0	254.90625	0.0
False	0	257.25	0.0
False	0	259.609375	0.0
False	0	261.953125	0.0
False	0	264.296875	0.0
False	0	266.640625	0.0
False	0	268.984375	0.0
False	0	271.34375	0.0
False	0	273.6875	0.0
False	0	276.03125	0.0
False	0	278.375	0.0
False	14	280.75	0.0
False	15	283.1875	0.0
False	15	285.53125	0.0
False	15	287.640625	173.5
False	0	290.21875	0.0
False	0	292.5625	0.0
False	0	294.921875	0.0
False	13	290.046875	1921.0
False	15	292.421875	1759.0
False	15	294.875	1584.75
False	15	297.265625	1535.0
False	0	306.53125	0.0
False	0	308.828125	0.0
False	15	304.40625	1222.75
False	15	306.78125	1150.5
False	15	309.109375	1178.25
False	15	311.53125	1103.5
False	10	313.96875	1038.0
False	0	322.859375	0.0
False	15	318.640625	1001.75
False	15	321.125	940.75
False	15	323.59375	953.75
False	15	326.0	878.0
False	15	328.375	855.5
False	15	330.703125	893.5
False	15	335.703125	372.75
False	15	337.765625	352.25
False	15	340.765625	345.0
False	15	343.03125	350.25
False	15	345.3125	342.75
False	15	347.4375	339.25
False	15	349.984375	336.5
False	15	352.203125	341.5
True	15	354.578125	352.25
False	15	0.515625	0.0
False	7	2.859375	0.0
False	15	0.75	399.5
False	15	3.15625	387.0
False	15	6.03125	376.5
False	15	7.875	381.75
False	15	10.484375	388.75
False	15	12.5625	398.0
False	15	14.71875	409.75
False	15	17.0625	431.5
False	0	23.921875	0.0
False	15	26.28125	0.0
False	15	22.15625	945.75
False	15	24.515625	965.5
False	15	26.75	987.25
False	15	29.0625	1012.75
False	15	31.40625	1039.75
False	15	33.65625	1068.5
False	15	36.15625	1105.5
False	15	38.4375	1141.25
False	15	40.765625	1186.25
False	15	43.140625	1234.0
False	15	45.515625	1229.0
False	15	47.859375	1186.5
False	15	50.21875	1229.5
False	15	52.546875	1299.25
False	15	54.765625	1381.75
False	15	57.0625	1473.25
False	15	58.984375	1866.25
False	15	61.296875	2015.75
False	15	63.578125	2177.0
False	15	65.828125	2418.0
False	15	68.140625	2585.0
False	15	70.40625	2964.75
False	15	72.703125	3214.25
False	10	74.953125	4070.5
False	15	77.21875	4872.25
False	15	80.421875	1233.5
False	15	82.71875	1254.75
False	15	85.28125	1286.75
False	15	87.5625	1314.75
False	8	89.90625	1334.5
False	0	99.1875	0.0
False	15	101.5625	0.0
False	15	96.484375	2476.25
False	15	98.875	2436.75
False	15	102.140625	973.5
False	15	104.546875	955.25
False	15	106.859375	973.75
False	0	115.515625	0.0
False	0	117.84375	0.0
False	13	114.0625	756.5
False	15	116.546875	749.5
False	9	118.828125	768.5
False	15	121.078125	786.0
False	0	129.5625	0.0
False	15	131.921875	0.0
False	15	126.578125	4611.25
False	0	136.578125	0.0
False	15	131.265625	4185.0
False	0	141.21875	0.0
False	13	135.9375	3973.75
False	15	138.28125	3762.5
False	0	148.234375	0.0
False	15	143.046875	3121.5
False	15	145.421875	3020.25
False	15	147.75	2953.5
False	0	157.59375	0.0
False	0	159.921875	0.0
False	15	154.953125	2756.75
False	15	157.296875	2761.0
False	15	159.734375	2299.5
False	0	169.46875	0.0
False	0	171.8125	0.0
False	15	166.75	2633.0
False	15	169.078125	2619.0
False	15	171.453125	2610.0
False	15	173.796875	2598.75
False	15	176.140625	2613.25
False	15	178.515625	2601.25
False	15	180.640625	2613.25
False	15	182.984375	2617.0
False	15	185.296875	2631.75
False	15	187.609375	2654.5
False	0	197.171875	0.0
False	15	192.265625	2720.0
False	15	194.609375	2752.5
False	15	196.9375	2789.5
False	15	201.375	532.75
False	15	204.0	490.75
False	15	206.59375	491.0
False	15	208.765625	502.25
False	15	212.28125	392.25
False	15	214.921875	369.0
False	15	217.109375	350.0
False	15	219.671875	342.0
False	15	221.734375	355.25
False	0	228.09375	0.0
False	15	226.375	388.5
False	0	232.796875	0.0
False	0	235.046875	0.0
False	15	237.421875	0.0
False	15	233.15625	1061.0
False	0	242.09375	0.0
False	0	244.421875	0.0
False	0	246.78125	0.0
False	0	249.125	0.0
False	12	249.890625	235.5
False	0	253.8125	0.0
False	0	256.15625	0.0
False	0	258.515625	0.0
False	0	260.859375	0.0
False	0	263.203125	0.0
False	0	265.5625	0.0
False	0	267.90625	0.0
False	0	270.25	0.0
False	0	272.59375	0.0
False	0	274.9375	0.0
False	0	277.296875	0.0
False	0	279.640625	0.0
False	15	282.109375	0.0
False	15	284.453125	0.0
False	15	287.0625	171.25
False	0	289.125	0.0
False	0	291.484375	0.0
False	0	293.84375	0.0
False	15	288.890625	1987.25
False	15	291.34375	1834.5
False	15	293.765625	1670.25
False	15	296.1875	1547.75
False	0	305.59375	0.0
False	0	307.765625	0.0
False	15	303.265625	1292.75
False	15	305.625	1233.5
False	15	308.046875	1165.75
False	15	310.5	1093.5
False	15	312.828125	1075.25
False	0	321.796875	0.0
False	15	317.578125	983.75
False	15	319.9375	961.75
False	15	322.390625	929.0
False	15	324.828125	984.25
False	15	327.265625	905.5
False	15	329.640625	873.25
False	15	334.4375	380.25
False	15	337.171875	353.25
False	15	339.515625	348.0
False	8	341.625	355.75
False	15	344.375	342.5
False	15	346.359375	340.25
False	15	348.765625	337.25
False	15	351.265625	339.0
True	15	353.09375	348.25
