False	15	222.5625	358.5
False	15	224.625	369.5
False	15	226.640625	392.5
False	0	233.234375	0.0
False	0	235.484375	0.0
False	0	237.8125	0.0
False	15	240.15625	0.0
False	15	235.8125	1060.75
False	0	244.8125	0.0
False	0	247.140625	0.0
False	0	249.484375	0.0
False	0	251.8125	0.0
False	0	254.15625	0.0
False	0	256.46875	0.0
False	0	258.828125	0.0
False	0	261.15625	0.0
False	0	263.5	0.0
False	0	265.84375	0.0
False	0	268.171875	0.0
False	0	270.515625	0.0
False	0	272.84375	0.0
False	0	275.171875	0.0
False	0	277.515625	0.0
False	0	279.84375	0.0
False	15	282.296875	0.0
False	15	284.625	0.0
False	15	287.21875	171.75
False	0	289.28125	0.0
False	0	291.625	0.0
False	15	290.75	311.0
False	13	292.890625	311.5
False	15	291.421875	1835.25
False	0	300.984375	0.0
False	15	296.25	1529.25
False	0	305.671875	0.0
False	0	307.84375	0.0
False	13	305.03125	517.75
False	15	307.46875	502.25
False	15	309.84375	493.0
False	8	312.0625	478.75
False	0	319.46875	0.0
False	0	321.796875	0.0
False	15	319.15625	499.0
False	15	321.765625	466.25
False	15	324.03125	459.25
False	15	326.53125	464.5
False	15	328.890625	466.0
False	15	331.03125	469.75
False	15	333.359375	479.0
False	15	335.390625	497.25
False	0	342.953125	0.0
False	15	345.296875	0.0
False	15	341.546875	775.5
False	15	343.875	778.5
False	15	346.109375	773.5
False	15	348.5	798.0
True	15	350.796875	762.5
False	15	353.0625	818.25
False	15	355.234375	852.75
False	15	357.640625	855.25
False	15	359.921875	855.5
False	15	2.34375	858.25
False	15	4.5625	861.25
False	15	6.984375	866.25
False	15	9.25	875.0
False	15	11.546875	883.5
False	15	13.890625	892.75
False	15	16.140625	906.25
False	15	18.53125	919.25
False	15	20.828125	935.25
False	15	23.09375	951.75
False	15	25.390625	975.5
False	15	27.625	997.0
False	15	29.9375	1022.0
False	15	32.265625	1049.0
False	15	34.546875	1083.25
False	15	37.09375	1117.5
False	15	39.359375	1157.75
False	15	41.609375	1206.25
False	15	43.96875	1249.25
False	15	46.296875	1215.25
False	15	48.703125	1190.5
False	15	51.015625	1254.5
False	15	53.3125	1330.25
False	15	55.546875	1413.5
False	15	57.828125	1509.75
False	15	59.765625	1911.5
False	15	62.015625	2075.0
False	15	64.296875	2262.5
False	15	66.546875	2484.75
False	15	71.140625	529.5
False	15	73.375	524.75
False	15	75.796875	520.75
False	15	78.171875	518.25
False	15	80.421875	516.0
False	15	82.640625	515.25
False	15	85.28125	514.5
False	15	87.703125	515.5
False	15	89.875	516.25
False	15	92.3125	519.75
False	15	94.515625	524.25
False	15	97.015625	527.75
False	15	99.265625	535.0
False	15	101.625	543.25
False	15	103.9375	556.0
False	12	106.21875	564.0
False	0	113.859375	0.0
False	0	116.0625	0.0
False	7	112.34375	767.25
False	13	114.71875	750.75
False	14	116.96875	747.25
False	10	119.421875	730.25
False	11	127.734375	0.0
False	12	130.046875	0.0
False	12	132.390625	0.0
False	15	127.015625	4572.0
False	13	129.421875	4017.0
False	15	131.671875	4167.25
False	0	141.640625	0.0
False	14	136.328125	3874.5
False	12	138.703125	3777.0
False	0	148.625	0.0
False	15	143.4375	3088.5
False	15	145.765625	3009.5
False	15	148.09375	2952.75
False	0	157.9375	0.0
False	0	160.25	0.0
False	15	155.234375	2786.75
False	15	157.609375	2749.0
False	15	160.015625	2325.0
False	0	169.734375	0.0
False	0	172.09375	0.0
False	15	166.96875	2632.5
False	15	169.296875	2621.0
False	15	171.671875	2614.5
False	15	174.0	2603.25
False	15	176.34375	2600.75
False	15	178.6875	2602.0
False	15	180.828125	2613.25
False	15	183.125	2621.0
False	15	185.484375	2640.75
False	15	187.78125	2657.75
False	0	197.3125	0.0
False	15	192.40625	2722.75
False	15	194.71875	2754.75
False	15	197.046875	2785.25
False	15	201.578125	537.0
False	15	204.125	484.25
False	15	206.796875	490.75
False	15	209.03125	502.5
False	15	211.953125	391.75
False	15	214.84375	368.5
False	15	217.3125	349.0
False	15	219.5	342.25
False	15	221.78125	355.75
False	0	228.078125	0.0
False	15	226.421875	388.75
False	0	232.765625	0.0
False	0	235.03125	0.0
False	0	237.375	0.0
False	15	239.703125	0.0
False	0	242.03125	0.0
False	0	244.359375	0.0
False	0	246.703125	0.0
False	0	249.03125	0.0
False	0	251.375	0.0
False	0	253.703125	0.0
False	0	256.03125	0.0
False	0	258.390625	0.0
False	0	260.703125	0.0
False	0	263.046875	0.0
False	0	265.390625	0.0
False	0	267.71875	0.0
False	0	270.0625	0.0
False	0	272.40625	0.0
False	0	274.71875	0.0
False	0	277.0625	0.0
False	0	279.40625	0.0
False	15	281.765625	0.0
False	15	284.1875	0.0
False	15	286.53125	0.0
False	0	288.84375	0.0
False	0	291.171875	0.0
False	0	293.515625	0.0
False	15	288.59375	1997.75
False	0	298.203125	0.0
False	15	293.40625	1670.75
False	15	295.84375	1592.25
False	0	305.234375	0.0
False	0	307.40625	0.0
False	0	309.734375	0.0
False	15	306.953125	506.25
False	15	309.421875	492.25
False	11	311.703125	481.25
False	0	319.03125	0.0
False	0	321.34375	0.0
False	15	318.734375	505.25
False	15	321.1875	466.25
False	0	328.328125	0.0
False	15	326.09375	460.5
False	15	328.1875	460.75
False	15	330.625	463.5
False	15	333.09375	471.5
False	15	335.265625	486.75
False	15	337.390625	525.0
False	15	338.5625	885.0
False	15	341.046875	775.0
False	15	343.375	806.25
False	15	345.8125	767.75
False	15	347.96875	794.0
True	15	350.34375	753.0
False	15	352.71875	809.0
False	15	354.828125	852.0
False	15	357.25	854.5
False	15	359.515625	855.5
False	15	1.90625	857.5
False	15	4.25	860.25
False	15	6.453125	864.25
False	15	8.875	863.0
False	15	11.109375	882.5
False	15	13.484375	891.25
False	15	15.671875	902.0
False	15	18.03125	917.25
False	15	20.359375	932.75
False	15	22.71875	948.25
False	15	24.953125	970.75
False	15	27.25	991.5
False	15	29.578125	1018.5
False	15	31.84375	1045.75
False	15	34.125	1075.5
False	15	36.609375	1110.25
False	15	38.921875	1151.5
False	15	41.203125	1195.0
False	15	43.484375	1244.5
False	15	45.921875	1220.0
False	15	48.25	1182.5
False	15	50.5625	1240.0
False	15	52.859375	1315.0
False	15	55.109375	1398.75
False	15	57.4375	1491.75
False	15	59.3125	1886.75
False	15	61.578125	2042.0
False	15	63.859375	2219.75
False	15	66.140625	2455.0
False	15	70.53125	531.5
False	15	72.9375	525.25
False	15	75.1875	521.0
False	15	77.5625	517.5
False	15	80.015625	516.0
False	15	82.21875	514.5
False	15	84.9375	514.5
False	15	87.25	515.25
False	15	89.46875	517.0
False	15	91.828125	518.75
False	15	94.046875	522.75
False	15	96.609375	526.5
False	15	98.796875	532.75
False	15	101.125	541.75
False	15	103.5	550.75
False	9	105.578125	565.25
False	0	113.4375	0.0
False	0	115.625	0.0
False	0	117.96875	0.0
False	14	114.21875	756.0
False	15	116.59375	748.25
False	11	118.890625	767.0
False	15	121.171875	786.25
False	0	129.609375	0.0
False	15	131.96875	0.0
False	15	126.59375	4613.25
False	0	136.609375	0.0
False	15	131.265625	4175.25
False	0	141.21875	0.0
False	13	135.921875	3963.5
False	12	138.265625	3774.5
False	0	148.203125	0.0
False	15	143.015625	3120.5
False	15	145.34375	3023.75
False	15	147.6875	2958.25
False	0	157.5	0.0
False	0	159.828125	0.0
False	15	154.84375	2747.0
False	15	157.171875	2761.0
False	15	159.625	2314.5
False	0	169.328125	0.0
False	0	171.65625	0.0
False	15	166.578125	2629.75
False	15	168.90625	2622.25
False	15	171.28125	2606.25
False	15	173.578125	2588.25
False	15	175.90625	2611.5
False	15	178.28125	2601.25
False	15	180.40625	2609.5
False	15	182.734375	2619.0
False	15	185.078125	2635.5
False	15	187.359375	2652.5
False	15	189.703125	2678.75
False	15	192.015625	2708.25
False	15	194.3125	2753.25
False	15	196.625	2780.25
False	15	201.140625	542.5
False	15	203.625	495.75
False	15	206.15625	489.0
False	15	208.5	499.75
False	15	211.734375	395.0
False	15	214.28125	373.0
False	15	216.71875	352.0
False	15	219.21875	340.75
False	15	221.78125	353.0
False	13	223.765625	374.25
False	15	225.828125	385.5
False	13	228.140625	407.5
False	0	234.609375	0.0
False	0	236.9375	0.0
False	15	239.296875	0.0
False	15	235.046875	1030.5
False	0	243.9375	0.0
False	10	246.28125	0.0
False	8	241.578125	1451.5
False	0	250.9375	0.0
False	0	253.265625	0.0
False	0	255.609375	0.0
False	0	257.9375	0.0
False	0	260.296875	0.0
False	0	262.609375	0.0
False	0	264.953125	0.0
False	0	267.296875	0.0
False	0	269.625	0.0
False	0	271.96875	0.0
False	0	274.296875	0.0
False	0	276.625	0.0
False	0	278.96875	0.0
False	15	281.328125	0.0
False	15	283.75	0.0
False	15	286.078125	0.0
False	9	288.15625	176.0
False	0	290.734375	0.0
False	0	293.078125	0.0
False	14	288.140625	2073.75
False	0	297.765625	0.0
False	15	292.9375	1742.75
False	15	295.34375	1588.0
False	8	297.75	1461.5
False	0	306.96875	0.0
False	0	309.296875	0.0
False	15	306.578125	507.0
False	15	308.859375	492.0
False	15	311.359375	482.5
False	0	318.59375	0.0
False	0	320.921875	0.0
False	10	318.046875	507.25
False	15	320.828125	472.0
False	0	327.890625	0.0
False	15	325.78125	454.75
False	15	327.78125	456.75
False	15	330.40625	457.25
False	15	332.484375	463.25
False	15	334.859375	477.5
False	15	337.09375	505.75
False	15	337.984375	875.0
False	15	340.59375	773.75
False	15	342.828125	801.5
False	15	345.390625	765.25
False	15	347.5625	788.25
False	15	349.59375	945.75
True	15	352.234375	799.75
